7405 7405
2
4
6
8
10
12
14
16
18
20
22
24
26
28
30
32
34
36
38
40
42
44
46
48
50
52
54
56
58
60
62
64
66
68
70
72
74
76
78
80
82
84
86
88
90
92
94
96
98
100
102
104
106
108
110
112
114
116
118
120
122
124
126
128
130
132
134
136
138
140
142
144
146
148
150
152
154
156
158
160
162
164
166
168
170
172
174
176
178
180
182
184
186
188
190
192
194
196
198
200
202
204
206
208
210
212
214
216
218
220
222
224
226
228
230
232
234
236
238
240
242
244
246
248
250
252
254
256
258
260
262
264
266
268
270
272
274
276
278
280
282
284
286
288
290
292
294
296
298
300
302
304
306
308
310
312
314
316
318
320
322
324
326
328
330
332
334
336
338
340
342
344
346
348
350
352
354
356
358
360
362
364
366
368
370
372
374
376
378
380
382
384
386
388
390
392
394
396
398
400
402
404
406
408
410
412
414
416
418
420
422
424
426
428
430
432
434
436
438
440
442
444
446
448
450
452
454
456
458
460
462
464
466
468
470
472
474
476
478
480
482
484
486
488
490
492
494
496
498
500
502
504
506
508
510
512
514
516
518
520
522
524
526
528
530
532
534
536
538
540
542
544
546
548
550
552
554
556
558
560
562
564
566
568
570
572
574
576
578
580
582
584
586
588
590
592
594
596
598
600
602
604
606
608
610
612
614
616
618
620
622
624
626
628
630
632
634
636
638
640
642
644
646
648
650
652
654
656
658
660
662
664
666
668
670
672
674
676
678
680
682
684
686
688
690
692
694
696
698
700
702
704
706
708
710
712
714
716
718
720
722
724
726
728
730
732
734
736
738
740
742
744
746
748
750
752
754
756
758
760
762
764
766
768
770
772
774
776
778
780
782
784
786
788
790
792
794
796
798
800
802
804
806
808
810
812
814
816
818
820
822
824
826
828
830
832
834
836
838
840
842
844
846
848
850
852
854
856
858
860
862
864
866
868
870
872
874
876
878
880
882
884
886
888
890
892
894
896
898
900
902
904
906
908
910
912
914
916
918
920
922
924
926
928
930
932
934
936
938
940
942
944
946
948
950
952
954
956
958
960
962
964
966
968
970
972
974
976
978
980
982
984
986
988
990
992
994
996
998
1000
1002
1004
1006
1008
1010
1012
1014
1016
1018
1020
1022
1024
1026
1028
1030
1032
1034
1036
1038
1040
1042
1044
1046
1048
1050
1052
1054
1056
1058
1060
1062
1064
1066
1068
1070
1072
1074
1076
1078
1080
1082
1084
1086
1088
1090
1092
1094
1096
1098
1100
1102
1104
1106
1108
1110
1112
1114
1116
1118
1120
1122
1124
1126
1128
1130
1132
1134
1136
1138
1140
1142
1144
1146
1148
1150
1152
1154
1156
1158
1160
1162
1164
1166
1168
1170
1172
1174
1176
1178
1180
1182
1184
1186
1188
1190
1192
1194
1196
1198
1200
1202
1204
1206
1208
1210
1212
1214
1216
1218
1220
1222
1224
1226
1228
1230
1232
1234
1236
1238
1240
1242
1244
1246
1248
1250
1252
1254
1256
1258
1260
1262
1264
1266
1268
1270
1272
1274
1276
1278
1280
1282
1284
1286
1288
1290
1292
1294
1296
1298
1300
1302
1304
1306
1308
1310
1312
1314
1316
1318
1320
1322
1324
1326
1328
1330
1332
1334
1336
1338
1340
1342
1344
1346
1348
1350
1352
1354
1356
1358
1360
1362
1364
1366
1368
1370
1372
1374
1376
1378
1380
1382
1384
1386
1388
1390
1392
1394
1396
1398
1400
1402
1404
1406
1408
1410
1412
1414
1416
1418
1420
1422
1424
1426
1428
1430
1432
1434
1436
1438
1440
1442
1444
1446
1448
1450
1452
1454
1456
1458
1460
1462
1464
1466
1468
1470
1472
1474
1476
1478
1480
1482
1484
1486
1488
1490
1492
1494
1496
1498
1500
1502
1504
1506
1508
1510
1512
1514
1516
1518
1520
1522
1524
1526
1528
1530
1532
1534
1536
1538
1540
1542
1544
1546
1548
1550
1552
1554
1556
1558
1560
1562
1564
1566
1568
1570
1572
1574
1576
1578
1580
1582
1584
1586
1588
1590
1592
1594
1596
1598
1600
1602
1604
1606
1608
1610
1612
1614
1616
1618
1620
1622
1624
1626
1628
1630
1632
1634
1636
1638
1640
1642
1644
1646
1648
1650
1652
1654
1656
1658
1660
1662
1664
1666
1668
1670
1672
1674
1676
1678
1680
1682
1684
1686
1688
1690
1692
1694
1696
1698
1700
1702
1704
1706
1708
1710
1712
1714
1716
1718
1720
1722
1724
1726
1728
1730
1732
1734
1736
1738
1740
1742
1744
1746
1748
1750
1752
1754
1756
1758
1760
1762
1764
1766
1768
1770
1772
1774
1776
1778
1780
1782
1784
1786
1788
1790
1792
1794
1796
1798
1800
1802
1804
1806
1808
1810
1812
1814
1816
1818
1820
1822
1824
1826
1828
1830
1832
1834
1836
1838
1840
1842
1844
1846
1848
1850
1852
1854
1856
1858
1860
1862
1864
1866
1868
1870
1872
1874
1876
1878
1880
1882
1884
1886
1888
1890
1892
1894
1896
1898
1900
1902
1904
1906
1908
1910
1912
1914
1916
1918
1920
1922
1924
1926
1928
1930
1932
1934
1936
1938
1940
1942
1944
1946
1948
1950
1952
1954
1956
1958
1960
1962
1964
1966
1968
1970
1972
1974
1976
1978
1980
1982
1984
1986
1988
1990
1992
1994
1996
1998
2000
2002
2004
2006
2008
2010
2012
2014
2016
2018
2020
2022
2024
2026
2028
2030
2032
2034
2036
2038
2040
2042
2044
2046
2048
2050
2052
2054
2056
2058
2060
2062
2064
2066
2068
2070
2072
2074
2076
2078
2080
2082
2084
2086
2088
2090
2092
2094
2096
2098
2100
2102
2104
2106
2108
2110
2112
2114
2116
2118
2120
2122
2124
2126
2128
2130
2132
2134
2136
2138
2140
2142
2144
2146
2148
2150
2152
2154
2156
2158
2160
2162
2164
2166
2168
2170
2172
2174
2176
2178
2180
2182
2184
2186
2188
2190
2192
2194
2196
2198
2200
2202
2204
2206
2208
2210
2212
2214
2216
2218
2220
2222
2224
2226
2228
2230
2232
2234
2236
2238
2240
2242
2244
2246
2248
2250
2252
2254
2256
2258
2260
2262
2264
2266
2268
2270
2272
2274
2276
2278
2280
2282
2284
2286
2288
2290
2292
2294
2296
2298
2300
2302
2304
2306
2308
2310
2312
2314
2316
2318
2320
2322
2324
2326
2328
2330
2332
2334
2336
2338
2340
2342
2344
2346
2348
2350
2352
2354
2356
2358
2360
2362
2364
2366
2368
2370
2372
2374
2376
2378
2380
2382
2384
2386
2388
2390
2392
2394
2396
2398
2400
2402
2404
2406
2408
2410
2412
2414
2416
2418
2420
2422
2424
2426
2428
2430
2432
2434
2436
2438
2440
2442
2444
2446
2448
2450
2452
2454
2456
2458
2460
2462
2464
2466
2468
2470
2472
2474
2476
2478
2480
2482
2484
2486
2488
2490
2492
2494
2496
2498
2500
2502
2504
2506
2508
2510
2512
2514
2516
2518
2520
2522
2524
2526
2528
2530
2532
2534
2536
2538
2540
2542
2544
2546
2548
2550
2552
2554
2556
2558
2560
2562
2564
2566
2568
2570
2572
2574
2576
2578
2580
2582
2584
2586
2588
2590
2592
2594
2596
2598
2600
2602
2604
2606
2608
2610
2612
2614
2616
2618
2620
2622
2624
2626
2628
2630
2632
2634
2636
2638
2640
2642
2644
2646
2648
2650
2652
2654
2656
2658
2660
2662
2664
2666
2668
2670
2672
2674
2676
2678
2680
2682
2684
2686
2688
2690
2692
2694
2696
2698
2700
2702
2704
2706
2708
2710
2712
2714
2716
2718
2720
2722
2724
2726
2728
2730
2732
2734
2736
2738
2740
2742
2744
2746
2748
2750
2752
2754
2756
2758
2760
2762
2764
2766
2768
2770
2772
2774
2776
2778
2780
2782
2784
2786
2788
2790
2792
2794
2796
2798
2800
2802
2804
2806
2808
2810
2812
2814
2816
2818
2820
2822
2824
2826
2828
2830
2832
2834
2836
2838
2840
2842
2844
2846
2848
2850
2852
2854
2856
2858
2860
2862
2864
2866
2868
2870
2872
2874
2876
2878
2880
2882
2884
2886
2888
2890
2892
2894
2896
2898
2900
2902
2904
2906
2908
2910
2912
2914
2916
2918
2920
2922
2924
2926
2928
2930
2932
2934
2936
2938
2940
2942
2944
2946
2948
2950
2952
2954
2956
2958
2960
2962
2964
2966
2968
2970
2972
2974
2976
2978
2980
2982
2984
2986
2988
2990
2992
2994
2996
2998
3000
3002
3004
3006
3008
3010
3012
3014
3016
3018
3020
3022
3024
3026
3028
3030
3032
3034
3036
3038
3040
3042
3044
3046
3048
3050
3052
3054
3056
3058
3060
3062
3064
3066
3068
3070
3072
3074
3076
3078
3080
3082
3084
3086
3088
3090
3092
3094
3096
3098
3100
3102
3104
3106
3108
3110
3112
3114
3116
3118
3120
3122
3124
3126
3128
3130
3132
3134
3136
3138
3140
3142
3144
3146
3148
3150
3152
3154
3156
3158
3160
3162
3164
3166
3168
3170
3172
3174
3176
3178
3180
3182
3184
3186
3188
3190
3192
3194
3196
3198
3200
3202
3204
3206
3208
3210
3212
3214
3216
3218
3220
3222
3224
3226
3228
3230
3232
3234
3236
3238
3240
3242
3244
3246
3248
3250
3252
3254
3256
3258
3260
3262
3264
3266
3268
3270
3272
3274
3276
3278
3280
3282
3284
3286
3288
3290
3292
3294
3296
3298
3300
3302
3304
3306
3308
3310
3312
3314
3316
3318
3320
3322
3324
3326
3328
3330
3332
3334
3336
3338
3340
3342
3344
3346
3348
3350
3352
3354
3356
3358
3360
3362
3364
3366
3368
3370
3372
3374
3376
3378
3380
3382
3384
3386
3388
3390
3392
3394
3396
3398
3400
3402
3404
3406
3408
3410
3412
3414
3416
3418
3420
3422
3424
3426
3428
3430
3432
3434
3436
3438
3440
3442
3444
3446
3448
3450
3452
3454
3456
3458
3460
3462
3464
3466
3468
3470
3472
3474
3476
3478
3480
3482
3484
3486
3488
3490
3492
3494
3496
3498
3500
3502
3504
3506
3508
3510
3512
3514
3516
3518
3520
3522
3524
3526
3528
3530
3532
3534
3536
3538
3540
3542
3544
3546
3548
3550
3552
3554
3556
3558
3560
3562
3564
3566
3568
3570
3572
3574
3576
3578
3580
3582
3584
3586
3588
3590
3592
3594
3596
3598
3600
3602
3604
3606
3608
3610
3612
3614
3616
3618
3620
3622
3624
3626
3628
3630
3632
3634
3636
3638
3640
3642
3644
3646
3648
3650
3652
3654
3656
3658
3660
3662
3664
3666
3668
3670
3672
3674
3676
3678
3680
3682
3684
3686
3688
3690
3692
3694
3696
3698
3700
3702
3704
3706
3708
3710
3712
3714
3716
3718
3720
3722
3724
3726
3728
3730
3732
3734
3736
3738
3740
3742
3744
3746
3748
3750
3752
3754
3756
3758
3760
3762
3764
3766
3768
3770
3772
3774
3776
3778
3780
3782
3784
3786
3788
3790
3792
3794
3796
3798
3800
3802
3804
3806
3808
3810
3812
3814
3816
3818
3820
3822
3824
3826
3828
3830
3832
3834
3836
3838
3840
3842
3844
3846
3848
3850
3852
3854
3856
3858
3860
3862
3864
3866
3868
3870
3872
3874
3876
3878
3880
3882
3884
3886
3888
3890
3892
3894
3896
3898
3900
3902
3904
3906
3908
3910
3912
3914
3916
3918
3920
3922
3924
3926
3928
3930
3932
3934
3936
3938
3940
3942
3944
3946
3948
3950
3952
3954
3956
3958
3960
3962
3964
3966
3968
3970
3972
3974
3976
3978
3980
3982
3984
3986
3988
3990
3992
3994
3996
3998
4000
4002
4004
4006
4008
4010
4012
4014
4016
4018
4020
4022
4024
4026
4028
4030
4032
4034
4036
4038
4040
4042
4044
4046
4048
4050
4052
4054
4056
4058
4060
4062
4064
4066
4068
4070
4072
4074
4076
4078
4080
4082
4084
4086
4088
4090
4092
4094
4096
4098
4100
4102
4104
4106
4108
4110
4112
4114
4116
4118
4120
4122
4124
4126
4128
4130
4132
4134
4136
4138
4140
4142
4144
4146
4148
4150
4152
4154
4156
4158
4160
4162
4164
4166
4168
4170
4172
4174
4176
4178
4180
4182
4184
4186
4188
4190
4192
4194
4196
4198
4200
4202
4204
4206
4208
4210
4212
4214
4216
4218
4220
4222
4224
4226
4228
4230
4232
4234
4236
4238
4240
4242
4244
4246
4248
4250
4252
4254
4256
4258
4260
4262
4264
4266
4268
4270
4272
4274
4276
4278
4280
4282
4284
4286
4288
4290
4292
4294
4296
4298
4300
4302
4304
4306
4308
4310
4312
4314
4316
4318
4320
4322
4324
4326
4328
4330
4332
4334
4336
4338
4340
4342
4344
4346
4348
4350
4352
4354
4356
4358
4360
4362
4364
4366
4368
4370
4372
4374
4376
4378
4380
4382
4384
4386
4388
4390
4392
4394
4396
4398
4400
4402
4404
4406
4408
4410
4412
4414
4416
4418
4420
4422
4424
4426
4428
4430
4432
4434
4436
4438
4440
4442
4444
4446
4448
4450
4452
4454
4456
4458
4460
4462
4464
4466
4468
4470
4472
4474
4476
4478
4480
4482
4484
4486
4488
4490
4492
4494
4496
4498
4500
4502
4504
4506
4508
4510
4512
4514
4516
4518
4520
4522
4524
4526
4528
4530
4532
4534
4536
4538
4540
4542
4544
4546
4548
4550
4552
4554
4556
4558
4560
4562
4564
4566
4568
4570
4572
4574
4576
4578
4580
4582
4584
4586
4588
4590
4592
4594
4596
4598
4600
4602
4604
4606
4608
4610
4612
4614
4616
4618
4620
4622
4624
4626
4628
4630
4632
4634
4636
4638
4640
4642
4644
4646
4648
4650
4652
4654
4656
4658
4660
4662
4664
4666
4668
4670
4672
4674
4676
4678
4680
4682
4684
4686
4688
4690
4692
4694
4696
4698
4700
4702
4704
4706
4708
4710
4712
4714
4716
4718
4720
4722
4724
4726
4728
4730
4732
4734
4736
4738
4740
4742
4744
4746
4748
4750
4752
4754
4756
4758
4760
4762
4764
4766
4768
4770
4772
4774
4776
4778
4780
4782
4784
4786
4788
4790
4792
4794
4796
4798
4800
4802
4804
4806
4808
4810
4812
4814
4816
4818
4820
4822
4824
4826
4828
4830
4832
4834
4836
4838
4840
4842
4844
4846
4848
4850
4852
4854
4856
4858
4860
4862
4864
4866
4868
4870
4872
4874
4876
4878
4880
4882
4884
4886
4888
4890
4892
4894
4896
4898
4900
4902
4904
4906
4908
4910
4912
4914
4916
4918
4920
4922
4924
4926
4928
4930
4932
4934
4936
4938
4940
4942
4944
4946
4948
4950
4952
4954
4956
4958
4960
4962
4964
4966
4968
4970
4972
4974
4976
4978
4980
4982
4984
4986
4988
4990
4992
4994
4996
4998
5000
5002
5004
5006
5008
5010
5012
5014
5016
5018
5020
5022
5024
5026
5028
5030
5032
5034
5036
5038
5040
5042
5044
5046
5048
5050
5052
5054
5056
5058
5060
5062
5064
5066
5068
5070
5072
5074
5076
5078
5080
5082
5084
5086
5088
5090
5092
5094
5096
5098
5100
5102
5104
5106
5108
5110
5112
5114
5116
5118
5120
5122
5124
5126
5128
5130
5132
5134
5136
5138
5140
5142
5144
5146
5148
5150
5152
5154
5156
5158
5160
5162
5164
5166
5168
5170
5172
5174
5176
5178
5180
5182
5184
5186
5188
5190
5192
5194
5196
5198
5200
5202
5204
5206
5208
5210
5212
5214
5216
5218
5220
5222
5224
5226
5228
5230
5232
5234
5236
5238
5240
5242
5244
5246
5248
5250
5252
5254
5256
5258
5260
5262
5264
5266
5268
5270
5272
5274
5276
5278
5280
5282
5284
5286
5288
5290
5292
5294
5296
5298
5300
5302
5304
5306
5308
5310
5312
5314
5316
5318
5320
5322
5324
5326
5328
5330
5332
5334
5336
5338
5340
5342
5344
5346
5348
5350
5352
5354
5356
5358
5360
5362
5364
5366
5368
5370
5372
5374
5376
5378
5380
5382
5384
5386
5388
5390
5392
5394
5396
5398
5400
5402
5404
5406
5408
5410
5412
5414
5416
5418
5420
5422
5424
5426
5428
5430
5432
5434
5436
5438
5440
5442
5444
5446
5448
5450
5452
5454
5456
5458
5460
5462
5464
5466
5468
5470
5472
5474
5476
5478
5480
5482
5484
5486
5488
5490
5492
5494
5496
5498
5500
5502
5504
5506
5508
5510
5512
5514
5516
5518
5520
5522
5524
5526
5528
5530
5532
5534
5536
5538
5540
5542
5544
5546
5548
5550
5552
5554
5556
5558
5560
5562
5564
5566
5568
5570
5572
5574
5576
5578
5580
5582
5584
5586
5588
5590
5592
5594
5596
5598
5600
5602
5604
5606
5608
5610
5612
5614
5616
5618
5620
5622
5624
5626
5628
5630
5632
5634
5636
5638
5640
5642
5644
5646
5648
5650
5652
5654
5656
5658
5660
5662
5664
5666
5668
5670
5672
5674
5676
5678
5680
5682
5684
5686
5688
5690
5692
5694
5696
5698
5700
5702
5704
5706
5708
5710
5712
5714
5716
5718
5720
5722
5724
5726
5728
5730
5732
5734
5736
5738
5740
5742
5744
5746
5748
5750
5752
5754
5756
5758
5760
5762
5764
5766
5768
5770
5772
5774
5776
5778
5780
5782
5784
5786
5788
5790
5792
5794
5796
5798
5800
5802
5804
5806
5808
5810
5812
5814
5816
5818
5820
5822
5824
5826
5828
5830
5832
5834
5836
5838
5840
5842
5844
5846
5848
5850
5852
5854
5856
5858
5860
5862
5864
5866
5868
5870
5872
5874
5876
5878
5880
5882
5884
5886
5888
5890
5892
5894
5896
5898
5900
5902
5904
5906
5908
5910
5912
5914
5916
5918
5920
5922
5924
5926
5928
5930
5932
5934
5936
5938
5940
5942
5944
5946
5948
5950
5952
5954
5956
5958
5960
5962
5964
5966
5968
5970
5972
5974
5976
5978
5980
5982
5984
5986
5988
5990
5992
5994
5996
5998
6000
6002
6004
6006
6008
6010
6012
6014
6016
6018
6020
6022
6024
6026
6028
6030
6032
6034
6036
6038
6040
6042
6044
6046
6048
6050
6052
6054
6056
6058
6060
6062
6064
6066
6068
6070
6072
6074
6076
6078
6080
6082
6084
6086
6088
6090
6092
6094
6096
6098
6100
6102
6104
6106
6108
6110
6112
6114
6116
6118
6120
6122
6124
6126
6128
6130
6132
6134
6136
6138
6140
6142
6144
6146
6148
6150
6152
6154
6156
6158
6160
6162
6164
6166
6168
6170
6172
6174
6176
6178
6180
6182
6184
6186
6188
6190
6192
6194
6196
6198
6200
6202
6204
6206
6208
6210
6212
6214
6216
6218
6220
6222
6224
6226
6228
6230
6232
6234
6236
6238
6240
6242
6244
6246
6248
6250
6252
6254
6256
6258
6260
6262
6264
6266
6268
6270
6272
6274
6276
6278
6280
6282
6284
6286
6288
6290
6292
6294
6296
6298
6300
6302
6304
6306
6308
6310
6312
6314
6316
6318
6320
6322
6324
6326
6328
6330
6332
6334
6336
6338
6340
6342
6344
6346
6348
6350
6352
6354
6356
6358
6360
6362
6364
6366
6368
6370
6372
6374
6376
6378
6380
6382
6384
6386
6388
6390
6392
6394
6396
6398
6400
6402
6404
6406
6408
6410
6412
6414
6416
6418
6420
6422
6424
6426
6428
6430
6432
6434
6436
6438
6440
6442
6444
6446
6448
6450
6452
6454
6456
6458
6460
6462
6464
6466
6468
6470
6472
6474
6476
6478
6480
6482
6484
6486
6488
6490
6492
6494
6496
6498
6500
6502
6504
6506
6508
6510
6512
6514
6516
6518
6520
6522
6524
6526
6528
6530
6532
6534
6536
6538
6540
6542
6544
6546
6548
6550
6552
6554
6556
6558
6560
6562
6564
6566
6568
6570
6572
6574
6576
6578
6580
6582
6584
6586
6588
6590
6592
6594
6596
6598
6600
6602
6604
6606
6608
6610
6612
6614
6616
6618
6620
6622
6624
6626
6628
6630
6632
6634
6636
6638
6640
6642
6644
6646
6648
6650
6652
6654
6656
6658
6660
6662
6664
6666
6668
6670
6672
6674
6676
6678
6680
6682
6684
6686
6688
6690
6692
6694
6696
6698
6700
6702
6704
6706
6708
6710
6712
6714
6716
6718
6720
6722
6724
6726
6728
6730
6732
6734
6736
6738
6740
6742
6744
6746
6748
6750
6752
6754
6756
6758
6760
6762
6764
6766
6768
6770
6772
6774
6776
6778
6780
6782
6784
6786
6788
6790
6792
6794
6796
6798
6800
6802
6804
6806
6808
6810
6812
6814
6816
6818
6820
6822
6824
6826
6828
6830
6832
6834
6836
6838
6840
6842
6844
6846
6848
6850
6852
6854
6856
6858
6860
6862
6864
6866
6868
6870
6872
6874
6876
6878
6880
6882
6884
6886
6888
6890
6892
6894
6896
6898
6900
6902
6904
6906
6908
6910
6912
6914
6916
6918
6920
6922
6924
6926
6928
6930
6932
6934
6936
6938
6940
6942
6944
6946
6948
6950
6952
6954
6956
6958
6960
6962
6964
6966
6968
6970
6972
6974
6976
6978
6980
6982
6984
6986
6988
6990
6992
6994
6996
6998
7000
7002
7004
7006
7008
7010
7012
7014
7016
7018
7020
7022
7024
7026
7028
7030
7032
7034
7036
7038
7040
7042
7044
7046
7048
7050
7052
7054
7056
7058
7060
7062
7064
7066
7068
7070
7072
7074
7076
7078
7080
7082
7084
7086
7088
7090
7092
7094
7096
7098
7100
7102
7104
7106
7108
7110
7112
7114
7116
7118
7120
7122
7124
7126
7128
7130
7132
7134
7136
7138
7140
7142
7144
7146
7148
7150
7152
7154
7156
7158
7160
7162
7164
7166
7168
7170
7172
7174
7176
7178
7180
7182
7184
7186
7188
7190
7192
7194
7196
7198
7200
7202
7204
7206
7208
7210
7212
7214
7216
7218
7220
7222
7224
7226
7228
7230
7232
7234
7236
7238
7240
7242
7244
7246
7248
7250
7252
7254
7256
7258
7260
7262
7264
7266
7268
7270
7272
7274
7276
7278
7280
7282
7284
7286
7288
7290
7292
7294
7296
7298
7300
7302
7304
7306
7308
7310
7312
7314
7316
7318
7320
7322
7324
7326
7328
7330
7332
7334
7336
7338
7340
7342
7344
7346
7348
7350
7352
7354
7356
7358
7360
7362
7364
7366
7368
7370
7372
7374
7376
7378
7380
7382
7384
7386
7388
7390
7392
7394
7396
7398
7400
7402
7404
2528
1736
5356
2480
6092
3218
3806
4218
6842
6718
5238
4374
7382
1928
516
1832
5160
5232
1194
492
1412
1010
1030
256
3956
4402
1240
7318
3414
4912
5024
7320
5204
4230
174
3204
4738
1344
5662
4882
3884
7350
7268
170
7040
5072
6728
4630
664
5238
3740
4524
1424
2458
1432
4984
372
1868
1198
1068
2792
5066
1230
4266
6292
2022
3196
3064
4530
4468
6792
4636
5136
1708
1338
3690
4380
412
4532
2984
5070
6764
3384
3822
712
3924
1486
5068
7346
1614
7368
470
4090
6094
4324
4146
2812
6372
4188
6174
4780
5390
6376
3788
2398
1550
3330
6542
340
1270
6962
2192
886
6814
2600
3466
3372
6610
4292
454
2830
6284
6962
2630
84
3574
4312
3620
294
78
5758
492
1092
170
1032
7116
5104
3224
1788
2772
5172
2426
4832
3488
1522
2628
5968
1876
656
6732
7158
3484
7288
2692
4480
4012
6018
2270
4954
838
1194
5880
3546
3858
2094
4776
4224
1678
2140
1048
1798
5922
4854
2968
6960
4816
4214
5182
5556
3574
7154
1980
846
3972
1736
5894
4028
4374
3544
3668
1974
3306
3716
3138
2654
998
552
5066
1146
5454
3440
5830
2596
5108
1638
3756
2106
7022
3988
1442
7372
5850
1134
158
4818
1342
5708
5910
1656
3560
2184
3864
4184
596
4934
6254
5938
4496
3674
3878
4132
6944
3632
2524
5108
6652
2676
4408
962
4588
2452
3868
3786
6192
1960
4262
6894
1950
4860
5082
3778
2070
4848
2078
4430
3190
4254
1384
2566
4662
3230
5192
1064
6106
522
3004
754
2132
386
1714
4812
4426
1160
5134
5160
3560
808
218
6752
66
1190
46
4696
1774
3178
1740
5638
4502
6762
1504
1514
548
5112
5394
3834
3462
4866
3166
450
1574
6226
1886
4548
5232
3798
3036
3926
3678
3208
7026
6880
6714
3978
6190
4830
3772
6700
2658
4008
7166
2808
2624
3618
2948
5300
2644
5750
3420
3198
1780
5348
6260
4740
6626
5620
6120
2278
7142
250
7362
2052
2198
3784
910
4148
4352
6344
404
192
2946
5086
4750
2160
3584
3458
1502
1942
1510
1122
3956
3180
1322
7354
630
2618
3056
700
1954
6748
2986
5308
5442
4206
478
1252
3062
1634
2248
5510
1900
3234
6542
2402
6948
2566
2412
1830
4780
6684
262
630
1788
900
7298
4630
2744
984
4320
4858
3626
788
7182
6176
3912
600
3736
3654
1620
3008
6176
4870
3702
5020
2234
7272
4688
2130
4558
2184
740
4054
2162
5636
7090
1144
662
1330
5646
710
848
3076
110
2184
6836
5868
2490
5194
3364
1102
5794
2800
1834
5048
2922
88
4790
6690
7260
3734
1600
3016
5756
3336
4624
1286
1086
3480
320
284
1624
4572
6046
3026
4668
6086
4208
2642
2348
7396
5116
4184
366
2396
5452
7304
6134
3650
1206
2654
3842
6130
5150
746
1066
1246
2194
6498
6796
464
4396
5332
2410
2454
516
160
5142
4750
6670
2616
7268
3180
394
1370
4904
6398
3000
5096
1650
2116
5830
1458
876
4532
3298
4576
4170
2420
5782
5600
3642
3820
632
5988
7198
6816
6940
6412
3090
7186
804
6772
2448
3866
6316
2984
6052
3748
2708
5334
5936
4
5960
3884
984
908
3198
4254
508
2020
6136
306
2050
6860
2478
5840
6956
444
2920
6844
4746
3878
1238
888
5380
4724
5906
5848
4136
400
4950
5632
3568
2854
3272
3292
910
6782
6456
5636
4346
5052
1906
4402
6498
3356
1646
1412
5998
5326
950
3918
1848
5308
4760
388
1708
1620
2584
4046
3320
6368
194
3360
3574
24
2628
1326
816
6014
7176
766
7078
3848
7136
6394
5680
5368
2100
5204
6194
3284
5242
4230
4434
3202
3892
4742
4400
1588
3880
2330
7020
5678
4272
4528
4484
3068
5386
102
6700
2990
376
5764
5062
6224
6742
280
7308
3632
490
5180
5666
3326
3438
3702
2098
718
5856
1070
418
6884
2540
5518
7056
3188
7012
4440
3444
916
6414
296
7026
6858
4124
5940
5216
3188
6470
4228
2366
6940
1642
1000
6754
5950
5894
5746
392
4198
5890
2422
4624
5728
2618
70
3494
5892
4978
6034
4174
2702
6038
2280
7120
6194
244
20
7080
5522
4016
5902
2688
5976
6744
2832
6518
1076
2284
4372
238
4552
6284
4946
7198
2182
5640
4192
7228
3606
5406
1754
854
6790
1252
2624
2518
3706
5392
3200
2438
4378
4962
3888
2172
4366
3490
5730
5720
1952
3502
2300
6146
2076
466
3166
3856
4910
56
2130
4416
6424
1028
186
5398
7190
3476
2582
4988
5306
4460
1046
2954
970
402
1852
6676
7270
6330
6118
4852
3924
1392
2308
1362
3454
3030
3016
5126
2274
2196
5248
7290
6698
1030
2180
3666
7140
6572
6380
1610
644
3206
1932
112
702
1492
6796
2656
4388
5642
2164
3830
1120
1744
6264
868
310
4838
5424
5476
1748
3044
5280
2342
1600
5188
1086
3656
6260
6344
6178
5696
5622
3802
4866
3670
1910
4638
1544
4692
4264
5700
358
1476
7082
378
5190
6280
2990
4564
60
4898
930
5324
3696
6400
4618
2286
3064
2262
3864
4144
1994
1968
2560
4262
7082
694
5068
4124
5158
3922
2056
2516
3786
4246
1452
1526
1038
2528
4726
2290
5180
4048
4182
3384
3954
2292
1180
4102
3012
4196
6102
3156
768
6308
1634
5102
3942
946
5620
1886
4470
540
3666
5108
6234
1846
122
2532
1832
1220
4490
2812
3870
1146
1742
1462
5446
5776
278
722
4488
3980
2274
5234
2358
1776
842
7346
7270
5272
6704
3428
734
4938
6328
4518
3112
5912
7348
5282
4878
156
3674
302
6952
5802
6914
6784
5936
2928
5386
6412
3016
6580
6376
4250
738
6886
2570
3530
5426
1658
2624
4524
508
4686
2974
1552
4502
7374
3916
4866
3296
3040
954
1586
2850
4126
2946
2110
1988
3194
5364
3458
7206
126
4334
5196
3106
5172
1168
600
3936
3336
2058
3390
1428
7324
7012
6458
1362
3862
750
366
2858
4912
2336
3244
5614
4118
3578
5422
6862
4976
3744
3850
5030
6638
6534
4944
5194
480
398
1046
1636
528
7216
688
16
932
2212
608
6842
5560
5718
2868
3360
5488
5308
6870
6364
1354
2032
6642
326
624
5702
2024
2716
2298
6410
7082
7392
4118
4726
3574
2052
3146
2950
5170
4902
3412
2282
7070
1242
926
1994
5592
5876
354
7218
2850
3496
4886
5356
5198
2942
1902
2202
2952
4660
5704
6034
5490
1420
5958
1206
1236
3780
6808
5812
3842
2690
1604
7308
6428
2254
6238
78
5470
3152
2132
1834
4296
1944
6354
2074
3096
1534
768
3140
7358
834
3716
2924
5152
3896
714
1828
2540
7172
3216
2512
2370
5224
1656
730
7346
6588
6230
12
5098
4766
2416
4446
4772
5940
4752
3922
6218
2752
7120
4274
7336
7070
5798
224
6686
7066
2728
2600
4758
1846
5572
660
4260
2412
1782
2898
6302
3932
612
5134
1906
6890
268
150
316
3126
1878
2552
4238
2730
3426
2470
2928
5520
3698
3516
852
3342
376
7226
6128
1890
6188
6768
4628
6926
4520
2996
5522
4372
748
5808
1666
770
558
3056
1816
4570
3172
4192
6482
2252
2812
5092
3066
5720
4208
6484
4364
7330
2238
2436
1288
4468
4162
2388
326
2730
698
4586
7366
1256
5676
530
1944
2732
2810
5626
2658
5270
5576
4668
86
6072
3458
134
2104
4548
2082
26
5784
4504
256
4312
142
6260
5158
1822
4908
4890
3348
1444
4486
7304
4168
4750
7366
3064
6608
4372
3034
5212
4362
7270
6082
4226
7390
4492
4750
2500
5008
2764
3778
1756
5192
4842
3962
2102
4406
3326
5608
5538
4746
7376
712
1524
3102
4518
4310
664
102
3132
978
6194
442
5070
7378
414
1034
7362
1412
3786
2012
1100
206
3312
2212
1878
5764
3206
118
3390
320
3396
3806
298
5508
1920
4594
5176
4796
44
4952
392
4620
6780
6328
5790
5732
2654
650
5906
1676
5966
6056
312
864
3894
2858
1830
6012
1952
2514
2846
5574
4318
6880
6000
4966
1394
7066
7266
5258
7160
4206
5560
2028
3890
2008
642
1048
1880
1886
6834
4586
7166
470
5282
3012
3980
3096
2886
5226
676
6630
3112
4618
1708
5044
5968
634
4908
2812
2192
6422
3430
6014
4476
5326
1796
4274
6000
7124
868
3964
3984
46
1252
946
5180
3162
6838
348
7362
3846
3354
3504
5874
4822
2584
224
656
6616
2626
1980
3434
5642
2710
6044
4336
3228
5636
4808
46
6082
6986
5956
4192
6182
7212
508
5658
3830
2292
4048
4458
6078
6954
2662
1138
6242
2304
6664
428
5790
1874
3188
6710
108
590
498
5110
2798
7052
4846
5958
3440
6882
3788
5792
4506
1114
4102
4028
1456
2768
7224
3562
2590
536
5796
6940
1250
4390
3334
6984
5596
5334
1142
980
6366
1226
6970
906
3472
3300
5722
2146
344
4256
6682
7402
1658
4852
5202
5678
5104
1746
400
5802
6556
2754
3880
3958
4938
3320
4196
4194
300
4480
4934
8
3302
772
4600
6804
636
3150
5444
2104
2370
3670
878
5474
4970
1140
3824
484
4214
6522
7368
3482
1168
1320
5746
3632
7138
28
3730
1878
5780
3908
2532
4938
5776
3656
2010
3722
3936
710
4932
804
2644
2918
2498
996
6912
1554
5988
4856
4448
5558
7400
5018
2508
1550
6132
3280
3300
5914
984
4754
6766
1464
262
2350
6698
1510
2936
3348
7112
3390
3034
2782
6976
5090
6856
5048
4948
4110
5940
6828
2550
5186
6158
2612
3654
5608
4674
6186
280
2974
6280
6166
6898
5378
360
1740
3662
6900
798
6302
2338
5946
3412
92
4582
2350
3340
6380
2766
5406
744
3796
2634
2050
2246
2578
7022
6622
6310
232
6974
4040
238
1056
1414
6548
4894
1960
4742
222
352
6150
3098
4626
298
3778
6504
3914
1426
7136
5800
7196
2316
4942
5672
1250
7126
6058
6254
5752
2650
6430
5526
2570
5602
3994
670
2944
2152
5044
7248
568
3518
4730
552
7352
2728
592
1438
5306
5380
1618
3538
5324
3064
4982
3976
3442
3986
4794
4672
5940
4342
3316
1816
1366
6630
7202
4492
6040
3398
3806
3242
1128
890
3636
1250
6456
4290
6710
7028
1516
1424
4644
1444
5986
4728
902
2900
5630
2354
1660
3094
228
3260
5984
2930
1962
6516
4002
5524
1188
5436
2132
190
774
4354
6370
4882
7352
1262
406
5678
3482
6200
3386
2528
2570
3082
3844
2290
2724
7010
1860
4506
5454
2886
378
3666
3932
6882
486
3384
3688
7156
4738
5472
5954
6084
6682
638
752
2720
7218
6848
6934
4702
3040
6314
2446
4496
3848
2646
968
756
2256
4444
7308
1288
1676
4836
4522
1978
6142
3204
4838
2736
548
2078
3670
4896
3500
4806
1894
6488
7122
4640
5308
4126
116
3804
2128
2712
2356
3508
3966
3466
4652
1694
286
4682
1452
5874
142
5516
620
4256
2902
3956
1830
3968
5138
2514
7112
6516
2260
3040
2966
464
580
2722
858
3856
5712
606
7056
458
4992
6400
616
2920
6098
4260
3576
390
6798
1486
5566
5334
2698
1554
918
6336
6278
3548
4158
6278
2836
6720
5238
3594
5042
1622
928
1944
3394
4836
5480
5828
3384
476
3702
6134
1568
700
4108
3548
5584
5876
1584
434
4232
258
5278
2322
1146
832
2678
5886
7260
4198
1698
2714
1172
5388
1398
1894
2180
2520
4860
5044
1676
3924
2946
5288
5382
5122
94
4504
1544
3750
5966
7226
1116
5188
7234
6224
4882
4956
5480
1804
1124
1120
4572
4312
6826
1862
142
3404
3106
4588
4068
1828
5684
5082
6242
1432
6248
7236
234
3102
716
5158
5336
4670
772
4826
4120
1104
7140
5266
4734
2714
4886
4870
2310
2438
5590
1448
1996
6676
5426
6720
3260
2738
6558
3608
2810
6630
772
7026
5738
4756
1614
4600
5440
1282
1918
4424
6414
248
4840
774
4628
5108
7196
3714
3548
3822
1942
5284
5550
4896
6782
5312
6094
5552
4762
6280
6016
5154
5026
6342
4004
3018
6178
7084
4170
6384
2822
1214
3784
7264
1384
3232
1532
480
688
6024
4692
5946
4002
168
5426
80
6006
36
6670
3500
2934
1786
6392
354
4958
6628
636
2862
1530
1592
4994
7058
6450
1338
126
802
6498
1742
5006
1202
5706
7198
5258
5704
4968
5798
2176
12
4970
2732
3276
1680
5296
3258
6356
1074
4508
4500
1746
6298
6538
1986
390
2448
4818
6010
6392
5598
7020
5718
5468
3794
4866
5528
3538
948
2034
5084
5276
1698
2044
1854
4268
1408
4300
2614
2282
7024
3068
7022
5804
2144
732
6026
380
1750
4118
5468
5992
3868
5706
4000
582
1164
2402
5380
3118
6994
592
6958
508
4464
364
6496
2908
7024
1210
1702
2342
1950
2842
4018
4930
644
2174
5016
6742
2528
3328
4382
6498
4534
2382
2460
4034
3462
6478
3704
6054
3740
3318
5182
1692
2442
1038
7102
2186
7052
346
4022
1632
1136
4716
3614
5716
3218
3374
5050
2014
2124
3210
6044
6730
4176
3950
2038
1226
1654
5048
4040
6008
7246
748
4556
882
2100
2296
1696
1994
6622
5328
6028
6732
4874
2296
5550
1242
6142
6266
2388
1996
1622
5898
5330
6412
6316
3236
3006
6802
832
7402
1500
2694
684
6936
670
6268
7006
6996
6788
3398
858
6174
1862
6516
1774
3732
476
5264
1932
4424
3402
6600
6212
360
4640
860
382
150
6364
1576
3846
2232
4010
1202
1926
6850
7200
6682
1240
3540
4744
1826
3116
1446
6194
2908
3846
2318
3366
2992
2930
3400
1980
3700
2526
108
2454
348
298
6514
3792
3660
3144
5224
4592
5910
3894
3476
4340
2016
4802
4590
1202
4266
1830
6060
676
6434
4538
1330
1488
5370
3954
252
194
1644
954
2146
80
4436
148
6940
1564
6014
530
6394
162
3572
6952
6632
5388
3418
3256
3984
6174
1194
4562
6314
4250
3658
4780
3784
3938
3580
4380
750
5256
1414
2868
5820
5420
4276
6404
1394
774
6840
332
4362
3620
3852
5468
5138
3146
490
980
6298
5182
6470
5686
5214
5964
5272
5842
2470
128
5714
6704
3636
1876
1926
1934
5338
6300
5632
2036
1508
1884
1628
6432
4032
466
4450
6248
3596
2140
2982
838
7044
3084
978
1494
7288
5346
5670
1980
3516
542
1024
3642
3220
958
6098
1110
5728
1182
228
6198
2444
3970
7156
5612
1510
1600
2982
1708
6418
368
30
3584
5158
3240
7314
6676
1724
5372
6766
2462
854
26
3974
6022
3030
3558
1584
200
1626
1336
4590
2154
834
1328
5970
5104
1634
2166
1704
4118
3176
2510
3866
4052
3554
3566
6854
2410
2944
2340
496
3538
312
7184
7086
2302
5768
4292
2784
2386
2376
3786
3436
7056
5936
558
2322
6548
5834
6988
2646
584
7308
1980
5306
688
6792
3962
6420
482
376
1200
2020
3142
1814
276
2914
4566
1166
3764
856
3614
6854
3074
6958
4550
3732
3292
1132
252
3960
2086
2166
3630
1486
6696
3808
6676
352
3786
2738
6650
1278
5376
2826
1128
7088
7138
5244
3476
3758
808
1906
1568
7378
4684
4582
1262
4764
2054
4538
4496
2120
2638
6570
1336
3268
686
2876
2836
2582
4060
778
2176
5456
6882
5412
4120
6404
1310
6032
3722
926
1914
6636
2736
2812
4550
36
4486
4216
2184
6494
5954
1886
2858
76
266
94
3238
390
6398
826
4726
7106
5530
4240
1862
4416
4682
2082
1238
1018
4794
1762
4720
7340
3120
2310
6628
916
5654
6754
3540
1164
5608
6720
766
5078
3944
152
2894
2016
4836
5804
6634
2910
190
5906
6516
5388
4324
7264
4034
4358
1896
658
4578
6110
5424
4040
4172
5618
2338
6650
1890
2128
3234
2908
2096
6340
3644
6012
152
5622
748
1398
6074
5348
5688
6778
4890
4712
4682
1990
998
6934
858
7030
4218
7076
3580
4096
2432
4284
6262
5242
2988
1708
1344
3286
2610
1940
5442
3566
2242
1470
4876
2016
1334
5400
6208
4312
3810
5780
5896
6242
5902
3664
3962
6954
2482
1050
38
1090
2338
2964
1088
6452
4740
996
2128
4560
62
7162
4450
2892
2554
3466
5634
5446
1094
5488
4598
3906
7106
4612
5360
360
6128
6596
4152
1702
6800
4628
1002
7344
1288
6020
4068
4496
5084
4082
1956
6150
1218
954
3838
6952
6592
1148
4666
704
6494
6370
5864
4836
3998
1804
4342
1742
6500
504
6158
6806
4578
2832
5420
442
3712
6678
652
3634
5062
6414
1182
220
5524
2746
44
5216
5498
3310
100
236
4516
2648
5452
3440
5032
666
4368
5918
5666
4646
3014
1206
6340
3758
4348
4800
140
614
3104
1178
4152
1468
6426
5106
4120
1704
1226
5476
2604
6634
5256
4762
2702
7294
1302
2890
5996
1678
6954
4414
952
4442
374
74
5106
2908
6892
3768
3690
104
2228
6960
4658
1494
7270
4744
4
6762
5696
2672
5646
4534
2944
626
6810
4164
2640
5194
266
354
3668
566
6862
4254
2112
1440
6230
6578
1772
2668
5752
1772
5304
2280
3792
6170
3076
262
1254
5110
5150
6344
1972
2432
1232
1846
3694
4140
1278
4446
6498
2578
138
2136
3194
5444
596
1130
876
7008
3700
5510
3652
3616
350
2942
6820
6270
2802
4566
6410
3070
6418
6544
5684
5784
3874
6882
1150
3484
750
6094
2256
5714
4834
2266
2178
5572
6030
4404
3616
1982
3810
4926
6950
4128
2760
3414
4866
340
898
7290
1554
1042
2534
3876
2234
3650
5966
5894
2576
2672
566
3580
6688
2328
4972
3634
5128
6196
2930
1692
2652
3802
3630
3912
2046
544
828
1454
20
1136
5878
284
4858
2316
1392
2446
4088
5894
4256
1660
6846
6590
3152
3324
1516
4284
502
576
4920
124
2992
3536
3138
1702
1072
7304
524
4780
6966
2468
5208
5508
1230
356
684
1104
7182
4600
3278
2246
6606
2086
6818
3672
950
5274
5888
7276
4026
4462
2102
7158
850
3262
4778
1830
6598
5342
4188
950
388
1448
934
6016
1128
6080
2288
2190
3988
1480
5320
4368
1912
7386
618
566
5464
4204
3232
6240
5916
1176
2722
2788
532
5162
5214
6748
736
2338
2372
4180
6990
7078
6006
110
958
4392
2944
2114
6822
3180
6820
3158
4482
2810
3052
7298
7318
3596
6642
18
5736
6778
1670
3898
5184
6106
5676
3866
3070
5604
5196
2032
200
1286
5606
3890
5546
4994
5628
3160
4500
6324
892
480
6778
1818
4670
4068
3880
7284
4542
3972
6544
6798
1158
5526
3120
274
4924
802
3584
6916
240
1608
3436
400
980
6118
6824
1582
6804
5234
6150
6872
5474
2052
3526
3794
6016
5206
6822
1718
1196
4350
506
5930
3576
5294
4546
4098
6152
4074
3538
2920
5082
952
6720
4982
3022
2874
2516
1512
914
2186
5836
3800
6246
1430
3652
7128
1606
4788
7318
6188
596
6990
5390
2916
7370
3900
58
4098
2602
1078
4150
118
2026
964
450
924
7114
3354
3340
6000
6586
5878
4942
4872
6836
3592
1040
1978
3024
5198
7122
5286
7230
7180
3690
4322
1648
584
878
1518
7266
750
424
2720
4774
5780
1768
5008
284
4676
6824
5304
2396
3096
1016
4376
5076
3706
2624
1320
1528
618
2970
3124
5120
2916
4168
4786
528
6282
346
5972
4910
2796
2232
5544
334
1692
6962
5694
4274
2112
3236
3634
4430
4864
1324
3690
6322
4150
1790
4118
1238
3214
1442
6998
6410
6832
6310
1044
6172
5560
4678
2552
1324
4724
1366
2152
7222
3832
6390
950
5312
5062
626
6830
4592
3538
5284
232
5498
4728
2304
6410
7054
5224
7198
2934
2610
1688
7190
2632
2308
2844
1952
4668
7118
6520
6936
5398
4442
644
7358
962
4970
5900
5448
4718
1812
4450
2360
5198
552
226
3558
7282
338
1004
4026
344
3602
1500
5420
6966
5804
4360
5372
464
4620
478
5282
914
4718
4448
4002
7290
6494
7300
2022
674
1410
7192
5236
1722
3994
1732
3928
4482
1500
5256
6160
4348
3808
1408
7400
6154
5934
2802
744
4936
2308
196
6392
2794
2784
5114
1456
4092
2340
6318
5952
3954
5074
6454
2376
4876
5412
3574
4478
2712
3762
3418
4972
6002
7358
946
2564
2398
7314
7004
6938
7362
4982
3640
7182
2862
3208
6906
7306
1068
1444
1504
5442
2778
3962
3568
1718
7294
6670
4394
5222
6028
6606
340
4324
6250
2548
2166
3062
626
5462
6180
4344
6298
928
6482
576
5366
6894
3558
4254
376
4988
14
5684
3538
4074
2404
2136
2250
5694
2006
1210
1168
1464
1776
3012
2672
6150
2712
282
3628
3388
1868
462
356
2134
4482
3726
7268
6636
4510
5368
4112
6948
2380
2248
7264
4126
6924
92
5910
3022
3032
3536
672
1898
6430
5460
4706
6418
1596
6878
2248
4564
766
1952
512
1818
718
1834
2736
3946
3556
1914
6398
4948
5630
4752
3716
6924
4490
7280
1170
2676
3672
3876
2770
136
4908
6810
518
2794
6040
6258
194
4594
740
6114
5758
5438
1044
6498
962
2770
4132
5568
582
6288
1762
2190
3686
3726
424
4118
1924
6660
3504
4504
860
6138
3896
4018
5560
4058
72
4952
3862
1048
630
6010
6628
1700
6922
2134
2340
176
7046
2882
4052
2424
3094
6212
6250
852
920
4322
2830
850
5838
994
2062
3564
1174
2198
6584
6934
1626
4034
7000
308
5762
3006
3106
5786
4474
2440
3272
5556
5256
854
3126
816
4638
2092
3448
2888
4168
2630
6222
226
4928
6262
1334
7130
2700
5142
3752
2698
4114
3484
5510
7116
894
1246
1692
6706
4138
6574
2926
5974
5288
4758
6888
3820
1212
1850
1160
5140
2898
5912
830
6770
6794
3402
4900
3634
5930
1096
3998
6746
3044
5730
6276
2740
2368
5074
2212
1660
2356
4044
3688
1102
3976
4010
6008
6176
5734
2612
6006
3124
4332
2318
2614
3638
6874
720
6036
6064
866
4360
1682
3730
6034
7354
3806
1714
1344
5542
6322
3630
6464
3298
4766
2816
616
6002
2482
4770
4760
5814
5014
2484
6420
1220
7032
