876 876
2
4
6
8
10
12
14
16
18
20
22
24
26
28
30
32
34
36
38
40
42
44
46
48
50
52
54
56
58
60
62
64
66
68
70
72
74
76
78
80
82
84
86
88
90
92
94
96
98
100
102
104
106
108
110
112
114
116
118
120
122
124
126
128
130
132
134
136
138
140
142
144
146
148
150
152
154
156
158
160
162
164
166
168
170
172
174
176
178
180
182
184
186
188
190
192
194
196
198
200
202
204
206
208
210
212
214
216
218
220
222
224
226
228
230
232
234
236
238
240
242
244
246
248
250
252
254
256
258
260
262
264
266
268
270
272
274
276
278
280
282
284
286
288
290
292
294
296
298
300
302
304
306
308
310
312
314
316
318
320
322
324
326
328
330
332
334
336
338
340
342
344
346
348
350
352
354
356
358
360
362
364
366
368
370
372
374
376
378
380
382
384
386
388
390
392
394
396
398
400
402
404
406
408
410
412
414
416
418
420
422
424
426
428
430
432
434
436
438
440
442
444
446
448
450
452
454
456
458
460
462
464
466
468
470
472
474
476
478
480
482
484
486
488
490
492
494
496
498
500
502
504
506
508
510
512
514
516
518
520
522
524
526
528
530
532
534
536
538
540
542
544
546
548
550
552
554
556
558
560
562
564
566
568
570
572
574
576
578
580
582
584
586
588
590
592
594
596
598
600
602
604
606
608
610
612
614
616
618
620
622
624
626
628
630
632
634
636
638
640
642
644
646
648
650
652
654
656
658
660
662
664
666
668
670
672
674
676
678
680
682
684
686
688
690
692
694
696
698
700
702
704
706
708
710
712
714
716
718
720
722
724
726
728
730
732
734
736
738
740
742
744
746
748
750
752
754
756
758
760
762
764
766
768
770
772
774
776
778
780
782
784
786
788
790
792
794
796
798
800
802
804
806
808
810
812
814
816
818
820
822
824
826
828
830
832
834
836
838
840
842
844
846
848
850
852
854
856
858
860
862
864
866
868
870
872
874
876
192
294
824
24
40
112
828
104
772
850
850
502
482
2
528
762
696
458
844
290
754
292
598
384
218
290
756
178
96
358
106
340
360
194
606
144
144
90
758
244
620
174
594
502
176
602
78
320
464
302
616
50
712
632
634
120
822
408
122
768
474
52
166
534
290
244
490
96
694
90
264
130
122
378
12
78
264
760
20
34
268
300
534
290
304
128
566
338
354
790
540
582
438
312
122
358
98
326
18
874
256
118
164
804
132
132
414
342
678
490
372
366
598
762
72
564
336
612
666
68
856
486
32
382
604
444
596
84
6
320
476
350
312
432
582
460
226
800
432
20
436
58
136
710
322
798
802
756
596
122
842
288
346
470
42
608
252
400
382
438
30
22
270
536
552
530
864
454
162
218
640
434
450
716
824
520
320
318
88
804
10
108
354
856
146
822
252
694
554
266
582
408
112
534
178
284
122
500
424
230
302
540
598
104
24
124
394
476
622
686
54
542
286
820
588
56
18
584
220
346
288
310
600
476
76
424
588
452
84
600
526
726
128
462
16
152
402
812
236
82
298
54
478
428
726
866
644
750
2
180
58
802
496
436
178
376
666
318
646
310
282
472
546
242
560
396
758
74
84
250
594
536
864
662
128
294
110
824
362
304
46
446
508
268
122
316
264
348
570
828
734
278
702
530
640
580
374
538
844
746
754
76
98
614
420
2
98
872
314
726
760
514
868
198
248
120
148
860
34
432
794
454
634
346
60
450
712
360
252
656
270
338
592
278
282
210
558
172
856
724
54
4
92
676
848
664
840
698
388
230
872
60
816
252
292
356
166
68
670
652
568
308
866
570
52
590
94
14
674
850
392
786
824
602
716
504
474
638
330
472
688
570
506
628
396
248
626
112
144
170
438
178
638
224
424
382
20
310
456
308
62
104
248
608
844
612
784
284
614
612
240
498
310
626
612
8
390
264
258
422
100
110
16
6
22
496
398
528
216
500
516
764
4
588
414
256
582
366
