825 825
573
803
336
181
708
447
706
349
240
711
327
373
8
303
113
608
475
764
70
590
541
227
27
427
25
789
397
239
347
14
643
23
733
435
179
353
568
259
62
276
788
577
43
243
759
51
187
435
255
521
804
487
540
311
202
213
523
711
131
702
679
739
793
41
629
243
622
21
297
336
251
427
496
207
553
279
151
547
493
625
225
466
657
218
176
647
732
523
500
435
349
614
792
662
379
810
218
453
446
710
684
293
329
428
518
131
770
512
706
1
772
301
24
306
474
48
485
725
433
601
467
670
489
797
434
46
531
560
412
186
167
395
496
114
651
741
477
4
73
464
741
320
452
621
466
189
221
204
734
630
53
343
12
206
70
136
338
46
499
201
431
134
581
520
576
462
92
714
305
523
193
228
130
154
246
152
390
816
259
136
283
227
365
180
157
414
802
418
208
726
11
100
10
391
681
16
740
195
8
681
648
339
78
700
25
464
326
666
587
284
404
194
595
798
695
762
162
1
667
199
195
579
793
98
601
92
615
344
415
701
7
327
31
519
588
501
753
797
392
79
164
52
314
597
231
88
774
372
111
390
483
532
345
764
740
297
642
249
386
186
276
241
787
684
21
582
27
314
355
360
647
76
381
203
432
304
212
766
764
99
653
300
236
281
541
294
328
308
121
702
310
589
701
441
168
201
39
172
637
719
506
323
173
524
815
383
484
443
327
716
640
781
535
267
60
555
815
494
765
803
335
635
398
10
779
47
749
75
352
674
45
350
812
35
10
75
245
213
808
768
560
277
663
442
306
407
137
346
84
341
42
459
178
227
354
742
461
669
215
329
9
175
477
426
188
686
744
585
61
87
197
699
423
746
306
332
357
169
434
673
476
119
232
26
432
628
780
253
740
123
490
5
403
408
361
227
23
672
596
764
146
398
462
253
702
259
499
206
36
524
157
12
476
524
219
314
234
34
438
322
252
342
365
708
292
171
463
368
535
585
285
255
198
229
720
76
399
166
812
532
404
663
85
521
508
208
310
734
688
271
811
810
197
724
77
519
371
427
267
801
280
5
713
675
814
545
104
618
761
112
51
391
770
224
428
623
346
606
522
608
232
754
529
83
315
8
179
298
134
763
278
680
647
178
37
504
596
742
647
766
236
745
16
184
518
660
689
49
579
44
754
228
645
819
750
816
412
729
420
825
445
623
366
431
161
484
622
87
409
291
304
549
28
247
132
309
10
345
611
149
733
444
825
286
400
306
542
749
797
294
569
462
246
699
242
597
545
178
76
249
646
130
236
67
662
373
176
793
289
564
499
545
165
207
50
797
554
258
53
520
578
580
214
599
713
468
723
681
620
158
174
348
751
713
561
630
707
256
712
478
698
774
535
169
426
96
787
320
250
174
102
422
801
788
524
443
557
720
269
733
23
556
302
565
479
300
439
644
484
233
333
101
264
775
674
268
296
445
464
589
760
405
217
510
542
142
293
260
399
816
542
693
276
36
118
201
40
683
783
223
526
146
452
795
528
388
475
296
324
212
625
135
304
422
127
280
130
428
288
796
566
823
353
554
122
61
765
56
622
191
710
179
51
750
300
714
721
346
669
328
232
714
60
780
213
722
96
666
270
551
67
604
663
704
635
514
42
816
137
616
255
299
299
307
90
550
192
799
594
634
308
461
200
742
653
804
559
508
166
261
19
792
546
525
515
375
513
577
95
473
672
712
501
559
657
218
306
782
744
694
196
250
233
689
33
762
380
383
671
34
401
73
64
788
163
741
785
781
799
594
824
449
30
330
69
535
76
86
621
80
499
99
314
246
302
214
329
235
322
502
670
589
108
657
286
661
90
606
287
437
685
130
303
428
187
135
245
211
448
517
633
137
825
303
656
