67646911311
67592106903
67537332103
67482586903
67427871295
67373185271
67318528823
67263901943
67209304623
67154736855
67100198631
67045689943
66991210783
66936761143
66882341015
66827950391
66773589263
66719257623
66664955463
66610682775
66556439551
66502225783
66448041463
66393886583
66339761135
66285665111
66231598503
66177561303
66123553503
66069575095
66015626071
65961706423
65907816143
65853955223
65800123655
65746321431
65692548543
65638804983
65585090743
65531405815
65477750191
65424123863
65370526823
65316959063
65263420575
65209911351
65156431383
65102980663
65049559183
64996166935
64942803911
64889470103
64836165503
64782890103
64729643895
64676426871
64623239023
64570080343
64516950823
64463850455
64410779231
64357737143
64304724183
64251740343
64198785615
64145859991
64092963463
64040096023
63987257663
63934448375
63881668151
63828916983
63776194863
63723501783
63670837735
63618202711
63565596703
63513019703
63460471703
63407952695
63355462671
63303001623
63250569543
63198166423
63145792255
63093447031
63041130743
62988843383
62936584943
62884355415
62832154791
62779983063
62727840223
62675726263
62623641175
62571584951
62519557583
62467559063
62415589383
62363648535
62311736511
62259853303
62207998903
62156173303
62104376495
62052608471
62000869223
61949158743
61897477023
61845824055
61794199831
61742604343
61691037583
61639499543
61587990215
61536509591
61485057663
61433634423
61382239863
61330873975
61279536751
61228228183
61176948263
61125696983
61074474335
61023280311
60972114903
60920978103
60869869903
60818790295
60767739271
60716716823
60665722943
60614757623
60563820855
60512912631
60462032943
60411181783
60360359143
60309565015
60258799391
60208062263
60157353623
60106673463
60056021775
60005398551
59954803783
59904237463
59853699583
59803190135
59752709111
59702256503
59651832303
59601436503
59551069095
59500730071
59450419423
59400137143
59349883223
59299657655
59249460431
59199291543
59149150983
59099038743
59048954815
58998899191
58948871863
58898872823
58848902063
58798959575
58749045351
58699159383
58649301663
58599472183
58549670935
58499897911
58450153103
58400436503
58350748103
58301087895
58251455871
58201852023
58152276343
58102728823
58053209455
58003718231
57954255143
57904820183
57855413343
57806034615
57756683991
57707361463
57658067023
57608800663
57559562375
57510352151
57461169983
57412015863
57362889783
57313791735
57264721711
57215679703
57166665703
57117679703
57068721695
57019791671
56970889623
56922015543
56873169423
56824351255
56775561031
56726798743
56678064383
56629357943
56580679415
56532028791
56483406063
56434811223
56386244263
56337705175
56289193951
56240710583
56192255063
56143827383
56095427535
56047055511
55998711303
55950394903
55902106303
55853845495
55805612471
55757407223
55709229743
55661080023
55612958055
55564863831
55516797343
55468758583
55420747543
55372764215
55324808591
55276880663
55228980423
55181107863
55133262975
55085445751
55037656183
54989894263
54942159983
54894453335
54846774311
54799122903
54751499103
54703902903
54656334295
54608793271
54561279823
54513793943
54466335623
54418904855
54371501631
54324125943
54276777783
54229457143
54182164015
54134898391
54087660263
54040449623
53993266463
53946110775
53898982551
53851881783
53804808463
53757762583
53710744135
53663753111
53616789503
53569853303
53522944503
53476063095
53429209071
53382382423
53335583143
53288811223
53242066655
53195349431
53148659543
53101996983
53055361743
53008753815
52962173191
52915619863
52869093823
52822595063
52776123575
52729679351
52683262383
52636872663
52590510183
52544174935
52497866911
52451586103
52405332503
52359106103
52312906895
52266734871
52220590023
52174472343
52128381823
52082318455
52036282231
51990273143
51944291183
51898336343
51852408615
51806507991
51760634463
51714788023
51668968663
51623176375
51577411151
51531672983
51485961863
51440277783
51394620735
51348990711
51303387703
51257811703
51212262703
51166740695
51121245671
51075777623
51030336543
50984922423
50939535255
50894175031
50848841743
50803535383
50758255943
50713003415
50667777791
50622579063
50577407223
50532262263
50487144175
50442052951
50396988583
50351951063
50306940383
50261956535
50216999511
50172069303
50127165903
50082289303
50037439495
49992616471
49947820223
49903050743
49858308023
49813592055
49768902831
49724240343
49679604583
49634995543
49590413215
49545857591
49501328663
49456826423
49412350863
49367901975
49323479751
49279084183
49234715263
49190372983
49146057335
49101768311
49057505903
49013270103
48969060903
48924878295
48880722271
48836592823
48792489943
48748413623
48704363855
48660340631
48616343943
48572373783
48528430143
48484513015
48440622391
48396758263
48352920623
48309109463
48265324775
48221566551
48177834783
48134129463
48090450583
48046798135
48003172111
47959572503
47915999303
47872452503
47828932095
47785438071
47741970423
47698529143
47655114223
47611725655
47568363431
47525027543
47481717983
47438434743
47395177815
47351947191
47308742863
47265564823
47222413063
47179287575
47136188351
47093115383
47050068663
47007048183
46964053935
46921085911
46878144103
46835228503
46792339103
46749475895
46706638871
46663828023
46621043343
46578284823
46535552455
46492846231
46450166143
46407512183
46364884343
46322282615
46279706991
46237157463
46194634023
46152136663
46109665375
46067220151
46024800983
45982407863
45940040783
45897699735
45855384711
45813095703
45770832703
45728595703
45686384695
45644199671
45602040623
45559907543
45517800423
45475719255
45433664031
45391634743
45349631383
45307653943
45265702415
45223776791
45181877063
45140003223
45098155263
45056333175
45014536951
44972766583
44931022063
44889303383
44847610535
44805943511
44764302303
44722686903
44681097303
44639533495
44597995471
44556483223
44514996743
44473536023
44432101055
44390691831
44349308343
44307950583
44266618543
44225312215
44184031591
44142776663
44101547423
44060343863
44019165975
43978013751
43936887183
43895786263
43854710983
43813661335
43772637311
43731638903
43690666103
43649718903
43608797295
43567901271
43527030823
43486185943
43445366623
43404572855
43363804631
43323061943
43282344783
43241653143
43200987015
43160346391
43119731263
43079141623
43038577463
42998038775
42957525551
42917037783
42876575463
42836138583
42795727135
42755341111
42714980503
42674645303
42634335503
42594051095
42553792071
42513558423
42473350143
42433167223
42393009655
42352877431
42312770543
42272688983
42232632743
42192601815
42152596191
42112615863
42072660823
42032731063
41992826575
41952947351
41913093383
41873264663
41833461183
41793682935
41753929911
41714202103
41674499503
41634822103
41595169895
41555542871
41515941023
41476364343
41436812823
41397286455
41357785231
41318309143
41278858183
41239432343
41200031615
41160655991
41121305463
41081980023
41042679663
41003404375
40964154151
40924928983
40885728863
40846553783
40807403735
40768278711
40729178703
40690103703
40651053703
40612028695
40573028671
40534053623
40495103543
40456178423
40417278255
40378403031
40339552743
40300727383
40261926943
40223151415
40184400791
40145675063
40106974223
40068298263
40029647175
39991020951
39952419583
39913843063
39875291383
39836764535
39798262511
39759785303
39721332903
39682905303
39644502495
39606124471
39567771223
39529442743
39491139023
39452860055
39414605831
39376376343
39338171583
39299991543
39261836215
39223705591
39185599663
39147518423
39109461863
39071429975
39033422751
38995440183
38957482263
38919548983
38881640335
38843756311
38805896903
38768062103
38730251903
38692466295
38654705271
38616968823
38579256943
38541569623
38503906855
38466268631
38428654943
38391065783
38353501143
38315961015
38278445391
38240954263
38203487623
38166045463
38128627775
38091234551
38053865783
38016521463
37979201583
37941906135
37904635111
37867388503
37830166303
37792968503
37755795095
37718646071
37681521423
37644421143
37607345223
37570293655
37533266431
37496263543
37459284983
37422330743
37385400815
37348495191
37311613863
37274756823
37237924063
37201115575
37164331351
37127571383
37090835663
37054124183
37017436935
36980773911
36944135103
36907520503
36870930103
36834363895
36797821871
36761304023
36724810343
36688340823
36651895455
36615474231
36579077143
36542704183
36506355343
36470030615
36433729991
36397453463
36361201023
36324972663
36288768375
36252588151
36216431983
36180299863
36144191783
36108107735
36072047711
36036011703
35999999703
35964011703
35928047695
35892107671
35856191623
35820299543
35784431423
35748587255
35712767031
35676970743
35641198383
35605449943
35569725415
35534024791
35498348063
35462695223
35427066263
35391461175
35355879951
35320322583
35284789063
35249279383
35213793535
35178331511
35142893303
35107478903
35072088303
35036721495
35001378471
34966059223
34930763743
34895492023
34860244055
34825019831
34789819343
34754642583
34719489543
34684360215
34649254591
34614172663
34579114423
34544079863
34509068975
34474081751
34439118183
34404178263
34369261983
34334369335
34299500311
34264654903
34229833103
34195034903
34160260295
34125509271
34090781823
34056077943
34021397623
33986740855
33952107631
33917497943
33882911783
33848349143
33813810015
33779294391
33744802263
33710333623
33675888463
33641466775
33607068551
33572693783
33538342463
33504014583
33469710135
33435429111
33401171503
33366937303
33332726503
33298539095
33264375071
33230234423
33196117143
33162023223
33127952655
33093905431
33059881543
33025880983
32991903743
32957949815
32924019191
32890111863
32856227823
32822367063
32788529575
32754715351
32720924383
32687156663
32653412183
32619690935
32585992911
32552318103
32518666503
32485038103
32451432895
32417850871
32384292023
32350756343
32317243823
32283754455
32250288231
32216845143
32183425183
32150028343
32116654615
32083303991
32049976463
32016672023
31983390663
31950132375
31916897151
31883684983
31850495863
31817329783
31784186735
31751066711
31717969703
31684895703
31651844703
31618816695
31585811671
31552829623
31519870543
31486934423
31454021255
31421131031
31388263743
31355419383
31322597943
31289799415
31257023791
31224271063
31191541223
31158834263
31126150175
31093488951
31060850583
31028235063
30995642383
30963072535
30930525511
30898001303
30865499903
30833021303
30800565495
30768132471
30735722223
30703334743
30670970023
30638628055
30606308831
30574012343
30541738583
30509487543
30477259215
30445053591
30412870663
30380710423
30348572863
30316457975
30284365751
30252296183
30220249263
30188224983
30156223335
30124244311
30092287903
30060354103
30028442903
29996554295
29964688271
29932844823
29901023943
29869225623
29837449855
29805696631
29773965943
29742257783
29710572143
29678909015
29647268391
29615650263
29584054623
29552481463
29520930775
29489402551
29457896783
29426413463
29394952583
29363514135
29332098111
29300704503
29269333303
29237984503
29206658095
29175354071
29144072423
29112813143
29081576223
29050361655
29019169431
28987999543
28956851983
28925726743
28894623815
28863543191
28832484863
28801448823
28770435063
28739443575
28708474351
28677527383
28646602663
28615700183
28584819935
28553961911
28523126103
28492312503
28461521103
28430751895
28400004871
28369280023
28338577343
28307896823
28277238455
28246602231
28215988143
28185396183
28154826343
28124278615
28093752991
28063249463
28032768023
28002308663
27971871375
27941456151
27911062983
27880691863
27850342783
27820015735
27789710711
27759427703
27729166703
27698927703
27668710695
27638515671
27608342623
27578191543
27548062423
27517955255
27487870031
27457806743
27427765383
27397745943
27367748415
27337772791
27307819063
27277887223
27247977263
27218089175
27188222951
27158378583
27128556063
27098755383
27068976535
27039219511
27009484303
26979770903
26950079303
26920409495
26890761471
26861135223
26831530743
26801948023
26772387055
26742847831
26713330343
26683834583
26654360543
26624908215
26595477591
26566068663
26536681423
26507315863
26477971975
26448649751
26419349183
26390070263
26360812983
26331577335
26302363311
26273170903
26244000103
26214850903
26185723295
26156617271
26127532823
26098469943
26069428623
26040408855
26011410631
25982433943
25953478783
25924545143
25895633015
25866742391
25837873263
25809025623
25780199463
25751394775
25722611551
25693849783
25665109463
25636390583
25607693135
25579017111
25550362503
25521729303
25493117503
25464527095
25435958071
25407410423
25378884143
25350379223
25321895655
25293433431
25264992543
25236572983
25208174743
25179797815
25151442191
25123107863
25094794823
25066503063
25038232575
25009983351
24981755383
24953548663
24925363183
24897198935
24869055911
24840934103
24812833503
24784754103
24756695895
24728658871
24700643023
24672648343
24644674823
24616722455
24588791231
24560881143
24532992183
24505124343
24477277615
24449451991
24421647463
24393864023
24366101663
24338360375
24310640151
24282940983
24255262863
24227605783
24199969735
24172354711
24144760703
24117187703
24089635703
24062104695
24034594671
24007105623
23979637543
23952190423
23924764255
23897359031
23869974743
23842611383
23815268943
23787947415
23760646791
23733367063
23706108223
23678870263
23651653175
23624456951
23597281583
23570127063
23542993383
23515880535
23488788511
23461717303
23434666903
23407637303
23380628495
23353640471
23326673223
23299726743
23272801023
23245896055
23219011831
23192148343
23165305583
23138483543
23111682215
23084901591
23058141663
23031402423
23004683863
22977985975
22951308751
22924652183
22898016263
22871400983
22844806335
22818232311
22791678903
22765146103
22738633903
22712142295
22685671271
22659220823
22632790943
22606381623
22579992855
22553624631
22527276943
22500949783
22474643143
22448357015
22422091391
22395846263
22369621623
22343417463
22317233775
22291070551
22264927783
22238805463
22212703583
22186622135
22160561111
22134520503
22108500303
22082500503
22056521095
22030562071
22004623423
21978705143
21952807223
21926929655
21901072431
21875235543
21849418983
21823622743
21797846815
21772091191
21746355863
21720640823
21694946063
21669271575
21643617351
21617983383
21592369663
21566776183
21541202935
21515649911
21490117103
21464604503
21439112103
21413639895
21388187871
21362756023
21337344343
21311952823
21286581455
21261230231
21235899143
21210588183
21185297343
21160026615
21134775991
21109545463
21084335023
21059144663
21033974375
21008824151
20983693983
20958583863
20933493783
20908423735
20883373711
20858343703
20833333703
20808343703
20783373695
20758423671
20733493623
20708583543
20683693423
20658823255
20633973031
20609142743
20584332383
20559541943
20534771415
20510020791
20485290063
20460579223
20435888263
20411217175
20386565951
20361934583
20337323063
20312731383
20288159535
20263607511
20239075303
20214562903
20190070303
20165597495
20141144471
20116711223
20092297743
20067904023
20043530055
20019175831
19994841343
19970526583
19946231543
19921956215
19897700591
19873464663
19849248423
19825051863
19800874975
19776717751
19752580183
19728462263
19704363983
19680285335
19656226311
19632186903
19608167103
19584166903
19560186295
19536225271
19512283823
19488361943
19464459623
19440576855
19416713631
19392869943
19369045783
19345241143
19321456015
19297690391
19273944263
19250217623
19226510463
19202822775
19179154551
19155505783
19131876463
19108266583
19084676135
19061105111
19037553503
19014021303
18990508503
18967015095
18943541071
18920086423
18896651143
18873235223
18849838655
18826461431
18803103543
18779764983
18756445743
18733145815
18709865191
18686603863
18663361823
18640139063
18616935575
18593751351
18570586383
18547440663
18524314183
18501206935
18478118911
18455050103
18432000503
18408970103
18385958895
18362966871
18339994023
18317040343
18294105823
18271190455
18248294231
18225417143
18202559183
18179720343
18156900615
18134099991
18111318463
18088556023
18065812663
18043088375
18020383151
17997696983
17975029863
17952381783
17929752735
17907142711
17884551703
17861979703
17839426703
17816892695
17794377671
17771881623
17749404543
17726946423
17704507255
17682087031
17659685743
17637303383
17614939943
17592595415
17570269791
17547963063
17525675223
17503406263
17481156175
17458924951
17436712583
17414519063
17392344383
17370188535
17348051511
17325933303
17303833903
17281753303
17259691495
17237648471
17215624223
17193618743
17171632023
17149664055
17127714831
17105784343
17083872583
17061979543
17040105215
17018249591
16996412663
16974594423
16952794863
16931013975
16909251751
16887508183
16865783263
16844076983
16822389335
16800720311
16779069903
16757438103
16735824903
16714230295
16692654271
16671096823
16649557943
16628037623
16606535855
16585052631
16563587943
16542141783
16520714143
16499305015
16477914391
16456542263
16435188623
16413853463
16392536775
16371238551
16349958783
16328697463
16307454583
16286230135
16265024111
16243836503
16222667303
16201516503
16180384095
16159270071
16138174423
16117097143
16096038223
16074997655
16053975431
16032971543
16011985983
15991018743
15970069815
15949139191
15928226863
15907332823
15886457063
15865599575
15844760351
15823939383
15803136663
15782352183
15761585935
15740837911
15720108103
15699396503
15678703103
15658027895
15637370871
15616732023
15596111343
15575508823
15554924455
15534358231
15513810143
15493280183
15472768343
15452274615
15431798991
15411341463
15390902023
15370480663
15350077375
15329692151
15309324983
15288975863
15268644783
15248331735
15228036711
15207759703
15187500703
15167259703
15147036695
15126831671
15106644623
15086475543
15066324423
15046191255
15026076031
15005978743
14985899383
14965837943
14945794415
14925768791
14905761063
14885771223
14865799263
14845845175
14825908951
14805990583
14786090063
14766207383
14746342535
14726495511
14706666303
14686854903
14667061303
14647285495
14627527471
14607787223
14588064743
14568360023
14548673055
14529003831
14509352343
14489718583
14470102543
14450504215
14430923591
14411360663
14391815423
14372287863
14352777975
14333285751
14313811183
14294354263
14274914983
14255493335
14236089311
14216702903
14197334103
14177982903
14158649295
14139333271
14120034823
14100753943
14081490623
14062244855
14043016631
14023805943
14004612783
13985437143
13966279015
13947138391
13928015263
13908909623
13889821463
13870750775
13851697551
13832661783
13813643463
13794642583
13775659135
13756693111
13737744503
13718813303
13699899503
13681003095
13662124071
13643262423
13624418143
13605591223
13586781655
13567989431
13549214543
13530456983
13511716743
13492993815
13474288191
13455599863
13436928823
13418275063
13399638575
13381019351
13362417383
13343832663
13325265183
13306714935
13288181911
13269666103
13251167503
13232686103
13214221895
13195774871
13177345023
13158932343
13140536823
13122158455
13103797231
13085453143
13067126183
13048816343
13030523615
13012247991
12993989463
12975748023
12957523663
12939316375
12921126151
12902952983
12884796863
12866657783
12848535735
12830430711
12812342703
12794271703
12776217703
12758180695
12740160671
12722157623
12704171543
12686202423
12668250255
12650315031
12632396743
12614495383
12596610943
12578743415
12560892791
12543059063
12525242223
12507442263
12489659175
12471892951
12454143583
12436411063
12418695383
12400996535
12383314511
12365649303
12348000903
12330369303
12312754495
12295156471
12277575223
12260010743
12242463023
12224932055
12207417831
12189920343
12172439583
12154975543
12137528215
12120097591
12102683663
12085286423
12067905863
12050541975
12033194751
12015864183
11998550263
11981252983
11963972335
11946708311
11929460903
11912230103
11895015903
11877818295
11860637271
11843472823
11826324943
11809193623
11792078855
11774980631
11757898943
11740833783
11723785143
11706753015
11689737391
11672738263
11655755623
11638789463
11621839775
11604906551
11587989783
11571089463
11554205583
11537338135
11520487111
11503652503
11486834303
11470032503
11453247095
11436478071
11419725423
11402989143
11386269223
11369565655
11352878431
11336207543
11319552983
11302914743
11286292815
11269687191
11253097863
11236524823
11219968063
11203427575
11186903351
11170395383
11153903663
11137428183
11120968935
11104525911
11088099103
11071688503
11055294103
11038915895
11022553871
11006208023
10989878343
10973564823
10957267455
10940986231
10924721143
10908472183
10892239343
10876022615
10859821991
10843637463
10827469023
10811316663
10795180375
10779060151
10762955983
10746867863
10730795783
10714739735
10698699711
10682675703
10666667703
10650675703
10634699695
10618739671
10602795623
10586867543
10570955423
10555059255
10539179031
10523314743
10507466383
10491633943
10475817415
10460016791
10444232063
10428463223
10412710263
10396973175
10381251951
10365546583
10349857063
10334183383
10318525535
10302883511
10287257303
10271646903
10256052303
10240473495
10224910471
10209363223
10193831743
10178316023
10162816055
10147331831
10131863343
10116410583
10100973543
10085552215
10070146591
10054756663
10039382423
10024023863
10008680975
9993353751
9978042183
9962746263
9947465983
9932201335
9916952311
9901718903
9886501103
9871298903
9856112295
9840941271
9825785823
9810645943
9795521623
9780412855
9765319631
9750241943
9735179783
9720133143
9705102015
9690086391
9675086263
9660101623
9645132463
9630178775
9615240551
9600317783
9585410463
9570518583
9555642135
9540781111
9525935503
9511105303
9496290503
9481491095
9466707071
9451938423
9437185143
9422447223
9407724655
9393017431
9378325543
9363648983
9348987743
9334341815
9319711191
9305095863
9290495823
9275911063
9261341575
9246787351
9232248383
9217724663
9203216183
9188722935
9174244911
9159782103
9145334503
9130902103
9116484895
9102082871
9087696023
9073324343
9058967823
9044626455
9030300231
9015989143
9001693183
8987412343
8973146615
8958895991
8944660463
8930440023
8916234663
8902044375
8887869151
8873708983
8859563863
8845433783
8831318735
8817218711
8803133703
8789063703
8775008703
8760968695
8746943671
8732933623
8718938543
8704958423
8690993255
8677043031
8663107743
8649187383
8635281943
8621391415
8607515791
8593655063
8579809223
8565978263
8552162175
8538360951
8524574583
8510803063
8497046383
8483304535
8469577511
8455865303
8442167903
8428485303
8414817495
8401164471
8387526223
8373902743
8360294023
8346700055
8333120831
8319556343
8306006583
8292471543
8278951215
8265445591
8251954663
8238478423
8225016863
8211569975
8198137751
8184720183
8171317263
8157928983
8144555335
8131196311
8117851903
8104522103
8091206903
8077906295
8064620271
8051348823
8038091943
8024849623
8011621855
7998408631
7985209943
7972025783
7958856143
7945701015
7932560391
7919434263
7906322623
7893225463
7880142775
7867074551
7854020783
7840981463
7827956583
7814946135
7801950111
7788968503
7776001303
7763048503
7750110095
7737186071
7724276423
7711381143
7698500223
7685633655
7672781431
7659943543
7647119983
7634310743
7621515815
7608735191
7595968863
7583216823
7570479063
7557755575
7545046351
7532351383
7519670663
7507004183
7494351935
7481713911
7469090103
7456480503
7443885103
7431303895
7418736871
7406184023
7393645343
7381120823
7368610455
7356114231
7343632143
7331164183
7318710343
7306270615
7293844991
7281433463
7269036023
7256652663
7244283375
7231928151
7219586983
7207259863
7194946783
7182647735
7170362711
7158091703
7145834703
7133591703
7121362695
7109147671
7096946623
7084759543
7072586423
7060427255
7048282031
7036150743
7024033383
7011929943
6999840415
6987764791
6975703063
6963655223
6951621263
6939601175
6927594951
6915602583
6903624063
6891659383
6879708535
6867771511
6855848303
6843938903
6832043303
6820161495
6808293471
6796439223
6784598743
6772772023
6760959055
6749159831
6737374343
6725602583
6713844543
6702100215
6690369591
6678652663
6666949423
6655259863
6643583975
6631921751
6620273183
6608638263
6597016983
6585409335
6573815311
6562234903
6550668103
6539114903
6527575295
6516049271
6504536823
6493037943
6481552623
6470080855
6458622631
6447177943
6435746783
6424329143
6412925015
6401534391
6390157263
6378793623
6367443463
6356106775
6344783551
6333473783
6322177463
6310894583
6299625135
6288369111
6277126503
6265897303
6254681503
6243479095
6232290071
6221114423
6209952143
6198803223
6187667655
6176545431
6165436543
6154340983
6143258743
6132189815
6121134191
6110091863
6099062823
6088047063
6077044575
6066055351
6055079383
6044116663
6033167183
6022230935
6011307911
6000398103
5989501503
5978618103
5967747895
5956890871
5946047023
5935216343
5924398823
5913594455
5902803231
5892025143
5881260183
5870508343
5859769615
5849043991
5838331463
5827632023
5816945663
5806272375
5795612151
5784964983
5774330863
5763709783
5753101735
5742506711
5731924703
5721355703
5710799703
5700256695
5689726671
5679209623
5668705543
5658214423
5647736255
5637271031
5626818743
5616379383
5605952943
5595539415
5585138791
5574751063
5564376223
5554014263
5543665175
5533328951
5523005583
5512695063
5502397383
5492112535
5481840511
5471581303
5461334903
5451101303
5440880495
5430672471
5420477223
5410294743
5400125023
5389968055
5379823831
5369692343
5359573583
5349467543
5339374215
5329293591
5319225663
5309170423
5299127863
5289097975
5279080751
5269076183
5259084263
5249104983
5239138335
5229184311
5219242903
5209314103
5199397903
5189494295
5179603271
5169724823
5159858943
5150005623
5140164855
5130336631
5120520943
5110717783
5100927143
5091149015
5081383391
5071630263
5061889623
5052161463
5042445775
5032742551
5023051783
5013373463
5003707583
4994054135
4984413111
4974784503
4965168303
4955564503
4945973095
4936394071
4926827423
4917273143
4907731223
4898201655
4888684431
4879179543
4869686983
4860206743
4850738815
4841283191
4831839863
4822408823
4812990063
4803583575
4794189351
4784807383
4775437663
4766080183
4756734935
4747401911
4738081103
4728772503
4719476103
4710191895
4700919871
4691660023
4682412343
4673176823
4663953455
4654742231
4645543143
4636356183
4627181343
4618018615
4608867991
4599729463
4590603023
4581488663
4572386375
4563296151
4554217983
4545151863
4536097783
4527055735
4518025711
4509007703
4500001703
4491007703
4482025695
4473055671
4464097623
4455151543
4446217423
4437295255
4428385031
4419486743
4410600383
4401725943
4392863415
4384012791
4375174063
4366347223
4357532263
4348729175
4339937951
4331158583
4322391063
4313635383
4304891535
4296159511
4287439303
4278730903
4270034303
4261349495
4252676471
4244015223
4235365743
4226728023
4218102055
4209487831
4200885343
4192294583
4183715543
4175148215
4166592591
4158048663
4149516423
4140995863
4132486975
4123989751
4115504183
4107030263
4098567983
4090117335
4081678311
4073250903
4064835103
4056430903
4048038295
4039657271
4031287823
4022929943
4014583623
4006248855
3997925631
3989613943
3981313783
3973025143
3964748015
3956482391
3948228263
3939985623
3931754463
3923534775
3915326551
3907129783
3898944463
3890770583
3882608135
3874457111
3866317503
3858189303
3850072503
3841967095
3833873071
3825790423
3817719143
3809659223
3801610655
3793573431
3785547543
3777532983
3769529743
3761537815
3753557191
3745587863
3737629823
3729683063
3721747575
3713823351
3705910383
3698008663
3690118183
3682238935
3674370911
3666514103
3658668503
3650834103
3643010895
3635198871
3627398023
3619608343
3611829823
3604062455
3596306231
3588561143
3580827183
3573104343
3565392615
3557691991
3550002463
3542324023
3534656663
3527000375
3519355151
3511720983
3504097863
3496485783
3488884735
3481294711
3473715703
3466147703
3458590703
3451044695
3443509671
3435985623
3428472543
3420970423
3413479255
3405999031
3398529743
3391071383
3383623943
3376187415
3368761791
3361347063
3353943223
3346550263
3339168175
3331796951
3324436583
3317087063
3309748383
3302420535
3295103511
3287797303
3280501903
3273217303
3265943495
3258680471
3251428223
3244186743
3236956023
3229736055
3222526831
3215328343
3208140583
3200963543
3193797215
3186641591
3179496663
3172362423
3165238863
3158125975
3151023751
3143932183
3136851263
3129780983
3122721335
3115672311
3108633903
3101606103
3094588903
3087582295
3080586271
3073600823
3066625943
3059661623
3052707855
3045764631
3038831943
3031909783
3024998143
3018097015
3011206391
3004326263
2997456623
2990597463
2983748775
2976910551
2970082783
2963265463
2956458583
2949662135
2942876111
2936100503
2929335303
2922580503
2915836095
2909102071
2902378423
2895665143
2888962223
2882269655
2875587431
2868915543
2862253983
2855602743
2848961815
2842331191
2835710863
2829100823
2822501063
2815911575
2809332351
2802763383
2796204663
2789656183
2783117935
2776589911
2770072103
2763564503
2757067103
2750579895
2744102871
2737636023
2731179343
2724732823
2718296455
2711870231
2705454143
2699048183
2692652343
2686266615
2679890991
2673525463
2667170023
2660824663
2654489375
2648164151
2641848983
2635543863
2629248783
2622963735
2616688711
2610423703
2604168703
2597923703
2591688695
2585463671
2579248623
2573043543
2566848423
2560663255
2554488031
2548322743
2542167383
2536021943
2529886415
2523760791
2517645063
2511539223
2505443263
2499357175
2493280951
2487214583
2481158063
2475111383
2469074535
2463047511
2457030303
2451022903
2445025303
2439037495
2433059471
2427091223
2421132743
2415184023
2409245055
2403315831
2397396343
2391486583
2385586543
2379696215
2373815591
2367944663
2362083423
2356231863
2350389975
2344557751
2338735183
2332922263
2327118983
2321325335
2315541311
2309766903
2304002103
2298246903
2292501295
2286765271
2281038823
2275321943
2269614623
2263916855
2258228631
2252549943
2246880783
2241221143
2235571015
2229930391
2224299263
2218677623
2213065463
2207462775
2201869551
2196285783
2190711463
2185146583
2179591135
2174045111
2168508503
2162981303
2157463503
2151955095
2146456071
2140966423
2135486143
2130015223
2124553655
2119101431
2113658543
2108224983
2102800743
2097385815
2091980191
2086583863
2081196823
2075819063
2070450575
2065091351
2059741383
2054400663
2049069183
2043746935
2038433911
2033130103
2027835503
2022550103
2017273895
2012006871
2006749023
2001500343
1996260823
1991030455
1985809231
1980597143
1975394183
1970200343
1965015615
1959839991
1954673463
1949516023
1944367663
1939228375
1934098151
1928976983
1923864863
1918761783
1913667735
1908582711
1903506703
1898439703
1893381703
1888332695
1883292671
1878261623
1873239543
1868226423
1863222255
1858227031
1853240743
1848263383
1843294943
1838335415
1833384791
1828443063
1823510223
1818586263
1813671175
1808764951
1803867583
1798979063
1794099383
1789228535
1784366511
1779513303
1774668903
1769833303
1765006495
1760188471
1755379223
1750578743
1745787023
1741004055
1736229831
1731464343
1726707583
1721959543
1717220215
1712489591
1707767663
1703054423
1698349863
1693653975
1688966751
1684288183
1679618263
1674956983
1670304335
1665660311
1661024903
1656398103
1651779903
1647170295
1642569271
1637976823
1633392943
1628817623
1624250855
1619692631
1615142943
1610601783
1606069143
1601545015
1597029391
1592522263
1588023623
1583533463
1579051775
1574578551
1570113783
1565657463
1561209583
1556770135
1552339111
1547916503
1543502303
1539096503
1534699095
1530310071
1525929423
1521557143
1517193223
1512837655
1508490431
1504151543
1499820983
1495498743
1491184815
1486879191
1482581863
1478292823
1474012063
1469739575
1465475351
1461219383
1456971663
1452732183
1448500935
1444277911
1440063103
1435856503
1431658103
1427467895
1423285871
1419112023
1414946343
1410788823
1406639455
1402498231
1398365143
1394240183
1390123343
1386014615
1381913991
1377821463
1373737023
1369660663
1365592375
1361532151
1357479983
1353435863
1349399783
1345371735
1341351711
1337339703
1333335703
1329339703
1325351695
1321371671
1317399623
1313435543
1309479423
1305531255
1301591031
1297658743
1293734383
1289817943
1285909415
1282008791
1278116063
1274231223
1270354263
1266485175
1262623951
1258770583
1254925063
1251087383
1247257535
1243435511
1239621303
1235814903
1232016303
1228225495
1224442471
1220667223
1216899743
1213140023
1209388055
1205643831
1201907343
1198178583
1194457543
1190744215
1187038591
1183340663
1179650423
1175967863
1172292975
1168625751
1164966183
1161314263
1157669983
1154033335
1150404311
1146782903
1143169103
1139562903
1135964295
1132373271
1128789823
1125213943
1121645623
1118084855
1114531631
1110985943
1107447783
1103917143
1100394015
1096878391
1093370263
1089869623
1086376463
1082890775
1079412551
1075941783
1072478463
1069022583
1065574135
1062133111
1058699503
1055273303
1051854503
1048443095
1045039071
1041642423
1038253143
1034871223
1031496655
1028129431
1024769543
1021416983
1018071743
1014733815
1011403191
1008079863
1004763823
1001455063
998153575
994859351
991572383
988292663
985020183
981754935
978496911
975246103
972002503
968766103
965536895
962314871
959100023
955892343
952691823
949498455
946312231
943133143
939961183
936796343
933638615
930487991
927344463
924208023
921078663
917956375
914841151
911732983
908631863
905537783
902450735
899370711
896297703
893231703
890172703
887120695
884075671
881037623
878006543
874982423
871965255
868955031
865951743
862955383
859965943
856983415
854007791
851039063
848077223
845122263
842174175
839232951
836298583
833371063
830450383
827536535
824629511
821729303
818835903
815949303
813069495
810196471
807330223
804470743
801618023
798772055
795932831
793100343
790274583
787455543
784643215
781837591
779038663
776246423
773460863
770681975
767909751
765144183
762385263
759632983
756887335
754148311
751415903
748690103
745970903
743258295
740552271
737852823
735159943
732473623
729793855
727120631
724453943
721793783
719140143
716493015
713852391
711218263
708590623
705969463
703354775
700746551
698144783
695549463
692960583
690378135
687802111
685232503
682669303
680112503
677562095
675018071
672480423
669949143
667424223
664905655
662393431
659887543
657387983
654894743
652407815
649927191
647452863
644984823
642523063
640067575
637618351
635175383
632738663
630308183
627883935
625465911
623054103
620648503
618249103
615855895
613468871
611088023
608713343
606344823
603982455
601626231
599276143
596932183
594594343
592262615
589936991
587617463
585304023
582996663
580695375
578400151
576110983
573827863
571550783
569279735
567014711
564755703
562502703
560255703
558014695
555779671
553550623
551327543
549110423
546899255
544694031
542494743
540301383
538113943
535932415
533756791
531587063
529423223
527265263
525113175
522966951
520826583
518692063
516563383
514440535
512323511
510212303
508106903
506007303
503913495
501825471
499743223
497666743
495596023
493531055
491471831
489418343
487370583
485328543
483292215
481261591
479236663
477217423
475203863
473195975
471193751
469197183
467206263
465220983
463241335
461267311
459298903
457336103
455378903
453427295
451481271
449540823
447605943
445676623
443752855
441834631
439921943
438014783
436113143
434217015
432326391
430441263
428561623
426687463
424818775
422955551
421097783
419245463
417398583
415557135
413721111
411890503
410065303
408245503
406431095
404622071
402818423
401020143
399227223
397439655
395657431
393880543
392108983
390342743
388581815
386826191
385075863
383330823
381591063
379856575
378127351
376403383
374684663
372971183
371262935
369559911
367862103
366169503
364482103
362799895
361122871
359451023
357784343
356122823
354466455
352815231
351169143
349528183
347892343
346261615
344635991
343015463
341400023
339789663
338184375
336584151
334988983
333398863
331813783
330233735
328658711
327088703
325523703
323963703
322408695
320858671
319313623
317773543
316238423
314708255
313183031
311662743
310147383
308636943
307131415
305630791
304135063
302644223
301158263
299677175
298200951
296729583
295263063
293801383
292344535
290892511
289445303
288002903
286565303
285132495
283704471
282281223
280862743
279449023
278040055
276635831
275236343
273841583
272451543
271066215
269685591
268309663
266938423
265571863
264209975
262852751
261500183
260152263
258808983
257470335
256136311
254806903
253482103
252161903
250846295
249535271
248228823
246926943
245629623
244336855
243048631
241764943
240485783
239211143
237941015
236675391
235414263
234157623
232905463
231657775
230414551
229175783
227941463
226711583
225486135
224265111
223048503
221836303
220628503
219425095
218226071
217031423
215841143
214655223
213473655
212296431
211123543
209954983
208790743
207630815
206475191
205323863
204176823
203034063
201895575
200761351
199631383
198505663
197384183
196266935
195153911
194045103
192940503
191840103
190743895
189651871
188564023
187480343
186400823
185325455
184254231
183187143
182124183
181065343
180010615
178959991
177913463
176871023
175832663
174798375
173768151
172741983
171719863
170701783
169687735
168677711
167671703
166669703
165671703
164677695
163687671
162701623
161719543
160741423
159767255
158797031
157830743
156868383
155909943
154955415
154004791
153058063
152115223
151176263
150241175
149309951
148382583
147459063
146539383
145623535
144711511
143803303
142898903
141998303
141101495
140208471
139319223
138433743
137552023
136674055
135799831
134929343
134062583
133199543
132340215
131484591
130632663
129784423
128939863
128098975
127261751
126428183
125598263
124771983
123949335
123130311
122314903
121503103
120694903
119890295
119089271
118291823
117497943
116707623
115920855
115137631
114357943
113581783
112809143
112040015
111274391
110512263
109753623
108998463
108246775
107498551
106753783
106012463
105274583
104540135
103809111
103081503
102357303
101636503
100919095
100205071
99494423
98787143
98083223
97382655
96685431
95991543
95300983
94613743
93929815
93249191
92571863
91897823
91227063
90559575
89895351
89234383
88576663
87922183
87270935
86622911
85978103
85336503
84698103
84062895
83430871
82802023
82176343
81553823
80934455
80318231
79705143
79095183
78488343
77884615
77283991
76686463
76092023
75500663
74912375
74327151
73744983
73165863
72589783
72016735
71446711
70879703
70315703
69754703
69196695
68641671
68089623
67540543
66994423
66451255
65911031
65373743
64839383
64307943
63779415
63253791
62731063
62211223
61694263
61180175
60668951
60160583
59655063
59152383
58652535
58155511
57661303
57169903
56681303
56195495
55712471
55232223
54754743
54280023
53808055
53338831
52872343
52408583
51947543
51489215
51033591
50580663
50130423
49682863
49237975
48795751
48356183
47919263
47484983
47053335
46624311
46197903
45774103
45352903
44934295
44518271
44104823
43693943
43285623
42879855
42476631
42075943
41677783
41282143
40889015
40498391
40110263
39724623
39341463
38960775
38582551
38206783
37833463
37462583
37094135
36728111
36364503
36003303
35644503
35288095
34934071
34582423
34233143
33886223
33541655
33199431
32859543
32521983
32186743
31853815
31523191
31194863
30868823
30545063
30223575
29904351
29587383
29272663
28960183
28649935
28341911
28036103
27732503
27431103
27131895
26834871
26540023
26247343
25956823
25668455
25382231
25098143
24816183
24536343
24258615
23982991
23709463
23438023
23168663
22901375
22636151
22372983
22111863
21852783
21595735
21340711
21087703
20836703
20587703
20340695
20095671
19852623
19611543
19372423
19135255
18900031
18666743
18435383
18205943
17978415
17752791
17529063
17307223
17087263
16869175
16652951
16438583
16226063
16015383
15806535
15599511
15394303
15190903
14989303
14789495
14591471
14395223
14200743
14008023
13817055
13627831
13440343
13254583
13070543
12888215
12707591
12528663
12351423
12175863
12001975
11829751
11659183
11490263
11322983
11157335
10993311
10830903
10670103
10510903
10353295
10197271
10042823
9889943
9738623
9588855
9440631
9293943
9148783
9005143
8863015
8722391
8583263
8445623
8309463
8174775
8041551
7909783
7779463
7650583
7523135
7397111
7272503
7149303
7027503
6907095
6788071
6670423
6554143
6439223
6325655
6213431
6102543
5992983
5884743
5777815
5672191
5567863
5464823
5363063
5262575
5163351
5065383
4968663
4873183
4778935
4685911
4594103
4503503
4414103
4325895
4238871
4153023
4068343
3984823
3902455
3821231
3741143
3662183
3584343
3507615
3431991
3357463
3284023
3211663
3140375
3070151
3000983
2932863
2865783
2799735
2734711
2670703
2607703
2545703
2484695
2424671
2365623
2307543
2250423
2194255
2139031
2084743
2031383
1978943
1927415
1876791
1827063
1778223
1730263
1683175
1636951
1591583
1547063
1503383
1460535
1418511
1377303
1336903
1297303
1258495
1220471
1183223
1146743
1111023
1076055
1041831
1008343
975583
943543
912215
881591
851663
822423
793863
765975
738751
712183
686263
660983
636335
612311
588903
566103
543903
522295
501271
480823
460943
441623
422855
404631
386943
369783
353143
337015
321391
306263
291623
277463
263775
250551
237783
225463
213583
202135
191111
180503
170303
160503
151095
142071
133423
125143
117223
109655
102431
95543
88983
82743
76815
71191
65863
60823
56063
51575
47351
43383
39663
36183
32935
29911
27103
24503
22103
19895
17871
16023
14343
12823
11455
10231
9143
8183
7343
6615
5991
5463
5023
4663
4375
4151
3983
3863
3783
3735
3711
3703
3711
3719
3727
3735
3743
3751
3759
3767
3775
3783
3791
3799
3807
3815
3823
3831
3839
3847
3855
3863
3871
3879
3887
3895
3903
3911
3919
3927
3935
3943
3951
3975
3983
3991
3999
4007
4015
4023
4031
4039
4047
4055
4063
4071
4079
4087
4095
4103
4111
4103
4111
4119
4127
4135
4143
4151
4159
4167
4175
4183
4191
4199
4207
4215
4223
4231
4239
4247
4255
4263
4271
4279
4287
4295
4303
4311
4319
4327
4351
4359
4383
4391
4399
4407
4415
4423
4431
4551
4559
4567
4575
4583
4591
4615
4623
4631
4639
4647
4655
4663
4671
4679
4687
4695
4703
4711
4719
4727
4735
4743
4751
4759
4767
4775
4783
4791
4799
4807
4815
4823
4831
4839
4831
4839
4847
4855
4863
4871
4879
4887
4895
4887
4895
4887
4911
4919
4927
4935
4943
4951
4959
4967
4975
4983
4991
5015
5023
5031
5039
5047
5055
5063
5071
5079
5087
5095
5103
5111
5119
5127
5119
5127
5135
5143
5151
5159
5167
5175
5183
5191
5199
5207
5215
5223
5231
5239
5247
5255
5263
5255
5263
5271
5279
5287
5279
5287
5295
5287
5311
5319
5327
5335
5343
5351
5359
5367
5375
5295
5303
5311
5319
5327
5335
5343
5351
5359
5367
5375
5383
5391
5399
5407
5415
5423
5447
5471
5479
5487
5495
5503
5511
5519
5527
5535
5543
5551
5559
5567
5575
5583
5591
5599
5607
5615
5607
5615
5623
5631
5639
5647
5655
5663
5687
5695
5703
5711
5719
5727
5735
5743
5751
5759
5767
5775
5783
5791
5799
5807
5815
5823
5831
5839
5847
5855
5863
5871
5879
5887
5895
5903
5911
5919
5927
5951
5943
5935
5943
5951
5959
5967
5975
5983
5991
5999
6007
6015
6023
6031
6055
6063
6071
6079
6087
6095
6103
6111
6119
6127
6135
6143
6151
6159
6167
6159
6167
6175
6199
6207
6215
6223
6231
6239
6247
6271
6295
6303
6311
6319
6327
6335
6343
6351
6375
6383
6391
6399
6407
6415
6439
6447
6455
6463
6487
6495
6503
6511
6519
6527
6535
6543
6551
6559
6607
6615
6639
6647
6655
6663
6671
6695
6703
6711
6719
6727
6735
6759
6767
6775
6783
6775
6799
6807
6815
6823
6831
6839
6847
6855
6863
6887
6895
6903
6911
6919
6927
6951
6959
6967
6975
6983
6991
6983
6991
6999
6991
6999
7023
7015
7023
7031
7023
7015
7023
7031
7023
7031
7039
7047
7071
7079
7087
7095
7119
7127
7135
7143
7151
7159
7167
7143
7151
7159
7167
7175
7183
7191
7215
7223
7215
7223
7231
7255
7279
7287
7311
7335
7343
7351
7375
7399
7407
7415
7423
7431
7439
7447
7471
7479
7487
7495
7503
7551
7559
7567
7575
7583
7591
7599
7623
7631
7639
7663
7671
7679
7687
7695
7703
7711
7719
7727
7735
7743
7751
7759
7767
7791
7815
7823
7831
7839
7831
7839
7863
7887
7895
7903
7911
7919
7911
7919
7927
7935
7943
8007
8015
8039
8047
8055
8063
8071
8079
8103
8127
8119
8143
8151
8143
8151
8175
8167
8143
8151
8159
8167
8175
8183
8191
8199
8207
8199
8207
8215
8191
8199
8207
8215
8223
8231
8239
8247
8271
8279
8287
8295
8319
8327
8335
8343
8351
8359
8367
8375
8439
8447
8423
8431
8439
8447
8471
8495
8503
8511
8503
8495
8519
8495
8487
8495
8519
8543
8551
8575
8583
8607
8615
8623
8631
8655
8679
8687
8679
8703
8727
8735
8743
8751
8775
8783
8791
8799
8807
8815
8823
8831
8839
8815
8823
8831
8807
8815
8823
8831
8823
8815
8823
8831
8823
8831
8839
8847
8855
8863
8855
8863
8887
8879
8871
8879
8887
8895
8903
8927
8935
8943
8951
8927
8935
8943
8951
8959
8967
8975
8983
8991
8999
9007
9015
9023
9015
9063
9071
9079
9071
9079
9103
9111
9159
9167
9175
9183
9191
9215
9239
9247
9271
9279
9287
9295
9303
9295
9303
9311
9319
9327
9351
9359
9367
9375
9367
9375
9399
9407
9415
9439
9431
9455
9463
9471
9551
9559
9567
9575
9583
9591
9615
9623
9631
9639
9647
9671
9695
9687
9711
9719
9767
9775
9751
9759
9767
9775
9767
9775
9799
9823
9831
9823
9831
9855
9863
9871
9895
9887
9895
9871
9879
9887
9911
9919
9927
9935
9943
9951
9975
9983
9935
9943
9951
9975
9983
9991
9999
10007
10015
10039
10063
10071
10079
10087
10095
10103
10111
10103
10111
10103
10127
10151
10159
10167
10175
10183
10191
10199
10223
10215
10207
10215
10223
10287
10335
10343
10367
10375
10383
10391
10399
10423
10447
10455
10519
10527
10535
10543
10567
10591
10583
10607
10631
10639
10615
10623
10631
10679
10687
10695
10703
10711
10735
10743
10751
10759
10783
10791
10799
10863
10871
10879
10903
10911
10935
10959
10935
10943
10951
10959
10967
10975
10967
10975
10983
11103
11111
11135
11143
11079
11127
11151
11175
11183
11191
11199
11207
11399
11407
11431
11455
11463
11455
11479
11487
11535
11583
11591
11615
11623
11631
11639
11647
11655
11663
11671
11679
11687
11695
11703
11695
11703
11695
11719
11711
11703
11711
11719
11743
11751
11743
11791
11799
11823
11831
11839
11903
11911
11919
11927
11975
11999
12119
12127
12119
12127
12135
12143
12151
12175
12183
12207
12215
12239
12215
12223
12175
12223
12231
12239
12247
12199
12151
12159
12111
12103
12111
12119
12127
12151
12087
12095
12103
12111
12119
12111
12135
12143
12119
12143
12151
12143
12151
12175
12183
12191
12199
12223
12231
12239
12263
12271
12263
12287
12295
12303
12279
12271
12295
12303
12255
12263
12271
12295
12303
12311
12247
12255
12263
12255
12303
12279
12343
12351
12359
12367
12391
12399
12423
12447
12439
12447
12455
12479
12487
12479
12455
12463
12471
12479
12487
12495
12519
12527
12535
12559
12583
12607
12615
12663
12655
12663
12671
12679
12687
12711
12663
12671
12663
12639
12647
12655
12647
12655
12679
12703
12711
12719
12743
12767
12775
12767
12759
12783
12791
12815
12807
12831
12855
12863
12887
12895
12903
12927
12935
12943
12919
12927
12935
12959
12967
12959
12967
12975
12983
13103
13111
13103
13111
13103
13111
13103
13127
13135
13143
13151
13143
13167
13159
13167
13175
13167
13175
13151
13159
13167
13175
13183
13191
13239
13287
13311
13319
13343
13351
13359
13367
13391
13199
13223
13303
13279
13303
13311
13319
13327
13335
13359
13367
13375
13351
13359
13383
13391
13383
13391
13415
13423
13431
13439
13447
13455
13463
13471
13495
13543
13551
13575
13583
13631
13639
13631
13607
13599
13575
13583
13607
13615
13639
13663
13879
13887
13935
13943
13935
13943
13951
13959
13983
13975
13999
14007
13999
14023
14031
14055
14063
14183
14207
14255
14247
14271
14279
14303
14295
14375
14399
14407
14415
14407
14471
14479
14471
14479
14487
14495
14487
14495
14503
14495
14487
14495
14519
14527
14575
14583
14591
14567
14591
14599
14607
14599
14647
14671
14679
14727
14751
14743
14751
14775
14783
14791
14799
14775
14783
14831
14839
14847
14855
14879
14887
14895
14903
14911
14887
14895
14887
14895
14903
14895
14919
14927
14919
14927
14935
14959
14967
14975
14967
14991
14967
14975
15023
15031
15007
15031
15039
15047
15055
15063
15039
15031
15039
15047
15055
15063
15071
15095
15103
15111
15135
15159
15167
15159
15223
15247
15255
15279
15287
15263
15287
15311
15319
15367
15375
15383
15391
15415
15423
15375
15367
15431
15439
15447
15455
15463
15455
15463
15487
15495
15487
15495
15519
15527
15535
15559
15535
15511
15535
15559
15567
15575
15599
15623
15599
15607
15615
15607
15583
15631
15655
15679
15687
15735
15759
15735
15743
15807
15815
15791
15815
15823
15815
15879
15887
15895
15903
15927
15919
15927
15951
15975
15983
15975
15967
15975
15983
15975
15983
16007
16015
16023
16047
16167
16159
16183
16207
16183
16303
16327
16335
16359
16367
16415
16439
16447
16511
16535
16655
16631
16639
16647
16655
16631
16655
16607
16615
16623
16839
16863
16855
16863
16871
16863
16911
16847
16911
16919
16895
16903
16855
16847
16855
16863
16943
16967
16943
17023
17047
17071
17063
17071
17135
17143
17167
17175
17183
17175
17151
17143
16951
16959
16951
16943
16951
16943
16991
17015
17023
17031
17039
17047
17071
17135
17111
17135
17183
17159
17167
17215
17239
17247
17239
17263
17287
17295
17319
17327
17391
17383
17359
17383
17319
17439
17447
17511
17535
17527
17551
17559
17583
17575
17583
17591
17615
17607
17599
17607
17799
17807
17831
17823
17831
17839
17863
17839
17831
17823
17799
17791
17767
17759
17767
17791
17799
17807
17799
17775
17783
17791
17767
17791
17767
17719
17639
17663
17711
17687
17695
17671
17695
17671
17647
17655
17647
17671
17679
17655
17663
17655
17679
17687
17735
17743
17751
17799
17823
17847
17871
17879
17855
17847
17839
17847
17871
17863
17871
17823
17847
17871
17895
17919
17967
17975
17999
17991
17999
18047
18055
18063
18071
18079
18087
18079
18055
18031
18055
18063
18127
18135
18143
18151
18159
18167
18175
18167
18191
18215
18223
18271
18279
18287
18351
18375
18383
18407
18343
18319
18367
18319
18343
18367
18375
18367
18359
18383
18391
18439
18447
18455
18463
18583
18591
18615
18639
18647
18671
18679
18655
18679
18703
18767
18775
18783
18807
18815
18863
18871
18879
18887
18895
18943
18951
18943
18919
18927
18863
18839
19031
18911
18903
18911
18935
18927
18935
18927
18919
18895
18919
19111
19103
19095
19103
19183
19207
19215
19223
19271
19295
19359
19167
19159
19135
19159
19183
19191
19311
19359
19367
19359
19367
19359
19423
19415
19439
19431
19439
19559
19607
19615
19735
19783
19791
19783
19791
19783
19759
19823
19831
19823
19815
19823
19815
19791
19871
19895
19943
19967
20015
20007
20127
20151
20175
20199
20223
20231
20183
20399
20407
20287
20335
20343
20367
20487
20511
20503
20527
20519
20511
20519
20511
20519
20527
20503
20511
20519
20543
20623
20615
20951
20959
20983
20991
21015
21063
21071
21079
21071
21063
21071
21191
21167
21159
21151
21159
21167
21191
21215
21095
21103
21127
21135
21127
21151
21159
21135
21143
21151
21127
21151
21143
21207
21199
21279
21303
21311
21303
21327
21335
21311
21319
21343
21351
21375
21383
21375
21383
21407
21415
21423
21415
21367
21375
21399
21407
21415
21439
21223
21247
21255
21375
21439
21359
21479
21487
21495
21719
21727
21703
21727
21751
21743
21767
21775
21799
21807
21799
21823
21831
21839
21863
21871
21863
21871
21879
21903
21911
21903
22095
22087
22111
22119
22095
22071
22079
22087
22079
21959
21983
22007
22031
22095
22119
22143
22119
22127
22135
22127
22135
22127
22135
22015
22039
22063
22071
22095
22103
22151
22159
22183
22159
22183
22175
22183
22207
22159
22167
22143
22151
22175
22199
22223
22247
22255
22263
22271
22279
22287
22311
22319
22327
22351
22359
22383
22407
22415
22423
22471
22519
22543
22735
22727
22535
22543
22591
22655
22591
22599
22607
22615
22623
22631
22711
22703
22711
22719
22727
22703
22679
22671
22663
22687
22679
22631
22655
22679
22703
22823
22799
22919
22943
22967
22919
22999
23279
23287
23263
23271
23279
23287
23279
23303
23327
23319
23199
23207
23231
23455
23503
23551
23559
23535
23511
23535
23559
23567
23575
23527
23503
23511
23503
23455
23503
23567
23615
23639
23647
23655
23703
23751
23743
23735
23759
23823
23831
23879
23943
23951
23999
23991
23999
24007
24031
24039
24031
24007
23999
24047
24055
24047
24095
24159
24183
24263
24287
24167
24159
24135
24159
24167
24191
24167
24175
24239
24247
24223
24231
24255
24247
24255
24263
24239
24247
24127
24135
24127
24151
24199
24207
24199
24207
24231
24239
24215
24239
24247
24255
24303
24311
24303
24311
24335
24343
24351
24359
24383
24503
24527
24575
24567
24575
24583
24559
24607
24615
24423
24431
24367
24391
24343
24351
24343
24391
24399
24407
24415
24439
24447
24567
24591
24615
24623
24615
24607
24615
24807
24815
24895
24903
24895
24847
24895
24815
24839
24863
24887
25367
25375
25383
25391
25415
25407
25399
25423
25415
25351
25375
25311
25319
25295
25303
25591
25583
25591
25639
25591
25567
25591
25615
25639
25647
25655
25647
25639
25647
25623
25631
25623
25615
25607
25615
25639
25663
25655
25719
25727
25775
25823
25759
25767
25775
25823
25759
25767
25775
25583
25575
25567
25591
25567
25591
25599
25607
25599
25551
25527
25519
25543
25567
25591
25567
25575
25639
25663
25671
25887
25879
25871
25951
25959
25983
26007
25999
26023
26047
25999
25975
25927
25919
25927
25975
25911
25887
25895
25903
25839
25775
25783
25759
25783
25951
25959
25983
26031
26055
26063
26087
26111
26103
26183
26159
26167
26175
26183
26159
26183
26175
26295
26319
26271
26263
26271
26263
26255
26231
26239
26287
26295
26303
26311
26303
26255
26279
26287
26311
26287
26647
26711
26591
26599
26647
26655
26679
26687
26695
26687
26679
26687
26695
26615
26639
26647
26839
26847
26839
26623
26687
26495
26503
26495
26447
26439
26447
26495
26503
26511
26535
26559
26567
26575
26511
26519
26527
26551
26503
26479
26455
26479
26455
26575
26567
26559
26679
26727
26719
26767
26759
26783
26807
26831
26879
26871
26879
26903
26951
26959
26967
27031
26815
26863
26839
26919
26927
26951
27015
27039
27047
27071
27095
26975
26983
26919
26895
26903
26927
26935
26927
26991
26999
27007
26983
27175
27167
27175
27183
27207
27215
27095
27103
27111
27103
27095
27103
27127
27151
27127
27191
27239
27215
27207
27231
27279
27255
27263
27271
27295
27303
27295
27303
27367
27487
27479
27503
27479
27503
27511
27503
27511
27559
27551
27615
27623
27631
28015
28023
28031
28039
28015
28039
28063
28143
28151
28175
28151
28215
28239
28247
28255
28247
28255
28303
28295
28415
28439
27959
27983
27991
27927
27975
28023
28047
28039
28047
28095
28047
28055
28007
27983
27903
27895
27919
27911
27887
27863
27871
28063
28087
28063
28183
28247
28271
28247
28223
28271
28351
28359
28383
28375
28423
28431
28455
28503
28455
28447
28439
28415
28439
28415
28535
28511
28535
28527
28503
28527
28535
28543
28519
28471
28479
28503
28495
28375
28399
28375
28399
28463
28455
28479
28503
28567
28615
28567
28575
28583
28591
28615
28639
28519
28511
28535
28559
28583
28591
28583
28631
28655
28991
29015
28967
28943
28895
29111
29159
29239
29263
29287
29263
29287
29239
29047
29039
29063
29183
29191
29239
29247
29183
29175
29295
29287
29295
29303
29295
29303
29327
29279
29327
29279
29343
29335
29311
29303
29327
29335
29327
29335
29815
29791
29783
29863
29871
29751
29831
29751
29775
29799
29751
29759
29767
29791
29783
29775
29823
29831
29855
29863
29911
29847
29767
29775
29751
29743
29751
29831
29839
29847
29823
29871
29951
29959
29911
29887
29911
30031
30007
29983
29975
29951
29943
29967
29959
29983
30047
30055
30031
30055
30047
30055
30119
30111
30103
29983
29959
29967
30135
30143
30119
30239
30247
30271
30279
30399
30423
30415
30495
30487
30511
30503
30511
30503
30511
30535
30527
30551
30527
30551
30575
30551
30527
30551
30559
30551
30559
30567
30559
30567
30519
30543
30535
30559
30623
30903
30783
30807
30831
30839
30831
30823
30831
30839
30919
30911
30903
30951
30959
30967
30975
31023
30903
30951
30927
30807
31647
31727
31719
31727
31679
31687
31751
31759
31711
31735
31727
31751
31759
31783
31903
31983
32007
31983
32007
32071
32063
32087
32095
32119
32239
32231
31847
31895
31919
31943
31919
31983
32103
32223
32231
32207
32231
32239
32247
32223
32287
32311
32335
32327
32319
32311
32319
32367
32359
32407
32399
32423
32431
32439
32391
32031
32151
32199
32207
32271
32223
32343
32351
32375
32383
32431
32455
32463
32471
32463
32343
32367
32247
32271
32151
32143
32431
32383
32431
32439
32359
32383
32407
32415
32495
32487
32479
32503
32479
32503
32511
32591
32599
32591
32975
32967
32991
32999
33023
33015
33023
33015
32935
33055
33047
33039
33543
33591
33583
33591
33599
33607
33631
33623
33631
33695
33703
33695
33687
33695
33703
33655
33663
33711
33719
33711
33703
33711
33719
33711
33631
33639
33663
33655
33663
33639
33631
33511
33535
33471
33495
33471
33447
33455
33463
33487
33463
34423
34471
34463
34471
34591
34599
34679
34703
34727
34719
34639
34631
34607
34615
34591
34599
34607
34615
34663
34639
34519
34495
34503
34479
34455
34431
34439
34463
34455
34463
34487
34495
34503
34383
34391
34383
34599
34607
34583
34591
34527
34607
34599
34575
34551
34559
34567
34615
34639
34647
34527
34535
34583
34591
34527
34503
34495
34487
33527
33551
33615
33639
33647
33135
33127
33119
33167
33159
33183
33159
33207
33231
33223
33231
33311
33359
33295
33271
33335
33383
33359
33647
33599
33607
33615
33623
33815
33791
33815
33823
33799
33823
33903
33911
33791
33767
33775
33783
33847
33967
33975
33999
34007
33983
34103
34055
34079
34087
34079
34591
36463
36439
36487
36495
36503
36527
36591
36639
36687
36711
36703
36695
36703
37039
37063
37111
37031
37055
37103
37111
37191
37167
37247
37223
37231
37255
37247
37255
37263
37287
37239
37247
37255
37231
37351
37375
37399
37479
37503
38223
38215
38207
38183
38191
38215
38207
38231
38239
38247
38255
38263
38623
38631
38655
38631
38511
38519
38511
38535
38527
38503
38527
38535
38543
38535
38815
38791
38767
38743
38719
38743
38751
38775
38823
38815
38863
38839
38903
38823
38847
38823
38775
38783
38807
38815
38863
38871
38895
38887
39223
39247
39255
39303
39311
39303
39327
39375
39383
39359
39335
39359
39383
39407
39471
39479
39503
39495
39519
40519
40567
40575
40567
40575
40455
40463
40247
40239
39591
39583
39591
39599
39647
39671
39607
39671
39679
39799
39991
40055
40079
40031
40007
40071
40079
40055
40063
40071
40063
40111
40087
40063
40055
40047
40023
40015
40023
40015
40007
40391
40415
40639
40663
40727
40775
40751
40759
40375
40399
40319
40327
40351
40415
40407
40431
40439
40447
40423
40415
40439
40415
40335
40343
40319
40327
40447
40423
40375
40399
40423
40415
40439
40463
40687
40695
40687
40495
40559
40551
40599
40607
40583
40575
40567
41007
40983
41047
40535
40511
40535
40559
40567
40343
40351
40519
40567
40399
40351
40359
39999
40007
39959
39935
39943
39895
40423
40415
40927
40951
40903
40839
40887
40895
40903
40855
41647
41695
41671
41719
41599
41607
41799
41807
41815
41807
41815
41807
41855
41847
41871
41879
41887
41911
41887
41863
41887
42103
42111
42103
42079
42127
42319
42343
42351
42303
42327
42375
42383
42335
42551
42471
42447
42367
42391
42439
42463
42511
42503
40967
40991
40967
40919
40895
40887
40839
40863
40647
40671
40663
40783
40847
40823
40831
40807
40799
40823
40831
40839
40863
40855
40879
40799
40807
41287
41295
41319
41311
41319
41327
41335
41327
41303
41423
41375
41327
41279
41303
41367
41343
41391
41383
41503
41527
41407
41487
41607
41615
41623
41743
41735
41687
41807
41815
41839
41847
41911
41919
41911
42031
41967
41943
42023
41231
41311
41335
41383
41391
41367
41375
41383
41335
41399
41407
41599
41623
41631
41639
41591
41655
41775
41823
41759
41767
41775
41783
41759
41751
42087
42023
42031
42055
42135
41631
41583
41559
41551
41599
41431
41551
41671
41719
41527
41551
41575
41639
41647
41639
41615
41591
41583
41607
41631
41607
41615
41639
41759
41751
41703
41711
41703
41823
41759
41679
41671
41647
42031
41967
41975
41951
42015
42135
42127
42135
42215
42407
42431
42439
42391
42399
42407
42415
42423
40551
40543
40319
40343
40295
40247
40295
40319
40311
40319
40367
40375
40399
40119
40311
40319
40295
40415
40423
40087
40079
40087
40111
40031
40111
40119
40071
40863
40887
40807
40815
41007
41223
41271
41279
41231
41255
41263
41287
41311
41319
41295
41415
41423
41303
41279
41255
41263
41287
41239
41359
41367
41359
41383
41431
41439
41487
41479
41559
41679
41703
41727
41607
41615
41535
41415
41695
41775
41823
41943
41919
41943
42231
42311
42287
42407
42431
42423
42431
42455
42431
42407
42455
42535
42511
42151
42231
42111
42135
42159
42111
42175
42167
42087
42151
42175
42183
42207
42255
42447
42399
42391
42399
42391
41879
41887
41879
41999
42023
42031
42007
42031
42079
42031
42007
41983
42047
42071
42095
42119
42071
42047
42023
42535
42343
42423
42447
42471
42191
42183
42231
42223
42247
42223
42247
42239
42319
42311
42335
42359
42407
42415
42423
42487
42367
42247
42271
42263
42287
42407
42383
42407
42327
42335
42359
42383
42407
42359
42407
42455
42479
42455
42503
42567
42615
42695
42631
42511
42431
42423
42399
42423
42447
42455
42431
42423
42431
42407
42623
42599
42623
42575
42527
42519
42455
42375
42327
42375
42399
42351
42327
42247
42255
42247
42311
42303
42367
42415
42439
42487
42551
42543
42519
42455
42479
42471
42447
42567
42615
42623
42687
42711
42735
42815
42823
42831
42839
42831
42855
42863
42911
42903
42895
42903
42855
42879
42871
42879
42903
42855
42863
42855
42735
42855
42847
42783
42759
42879
42887
42967
42975
42895
42903
42967
42975
42999
43023
43015
43023
43071
43047
43095
43103
43111
42919
42871
42823
42815
42863
42911
42831
42783
42807
42815
42823
42847
43039
43015
43079
43015
43063
43055
43063
43087
43447
43567
43615
43607
43487
43479
43503
43527
43479
43503
43479
43399
43479
43487
43511
43519
43511
43503
43583
43591
43583
43607
43615
43735
43727
43703
43711
43735
43087
43111
43063
43087
43095
42095
42087
42079
42071
42079
42271
42319
41263
41215
41239
41319
41327
41351
41431
41423
41447
41471
41495
41519
41543
41463
41439
41431
41551
41503
41511
41487
41439
41431
41479
41527
41503
41495
41503
41495
41615
41607
41775
41767
41791
41767
41759
41839
41847
41799
41847
41895
41919
41983
41975
41999
41879
41903
41927
41935
41943
41919
41943
41823
41871
41751
41775
41695
41703
41727
41751
41743
41863
41815
41823
41815
41839
41959
41311
41359
41367
41535
41543
41551
41631
41511
41519
41471
41479
41471
41423
41431
41439
41487
41551
41503
41511
40863
40815
40695
40743
40719
40695
40743
40863
40839
40815
40791
40983
41175
41183
41135
41143
40951
40927
41151
41215
41207
41039
41047
41023
41143
41095
40975
40999
40807
40799
40823
40799
40807
40799
40791
40815
40807
40799
40775
40783
40791
40767
40775
40727
40751
40703
40679
40631
40655
40775
40583
40575
40599
40647
40623
40743
40767
40775
40751
40759
40783
40807
40815
40791
40911
40863
40855
40847
40767
40791
40671
40663
40615
40831
40839
40847
40871
41591
41543
41663
41671
41607
41631
41711
41775
41783
41719
41743
41751
41799
41847
41839
41815
41807
41855
41831
41823
41799
41879
41887
41967
41975
41927
41935
41927
42143
41663
41655
41735
41759
41751
41799
41775
41855
41863
41871
41807
41927
41919
41871
41879
41943
41991
42111
42231
42207
42087
42303
42295
42319
42535
42511
42519
42471
42279
42327
42391
42399
42335
42455
42431
42423
42543
42463
42487
42479
42455
42463
42471
42495
42375
42383
42391
42271
42295
42271
42247
42183
42119
42111
42191
42311
42263
42271
42263
42311
42303
42279
42303
42351
42375
42399
42407
42431
42407
42431
42423
42639
42631
42607
42599
42623
42671
42647
42767
42775
42751
42727
42735
42687
42607
42559
42679
42671
42695
42775
42783
42503
42479
42559
