582 582
250
488
444
379
387
16
313
241
34
194
8
527
76
552
472
151
240
46
69
567
535
334
363
474
493
542
137
228
522
463
153
405
73
318
256
564
278
122
302
565
114
136
56
129
560
144
75
213
375
113
554
147
89
398
52
179
159
170
368
239
537
77
268
422
323
502
543
570
176
149
189
487
11
126
393
553
252
173
486
484
513
259
367
224
219
273
187
263
272
103
206
378
343
311
300
65
482
534
489
280
538
536
236
499
518
407
282
394
539
364
441
307
491
94
443
119
409
376
297
523
225
380
571
93
5
326
134
411
85
301
446
342
123
566
258
395
470
317
361
61
481
83
359
372
165
315
128
371
524
86
2
197
39
399
145
549
391
205
545
345
220
510
461
266
439
41
548
35
347
492
269
530
401
169
143
579
365
181
7
458
373
245
348
53
340
28
105
577
27
120
102
310
382
121
562
221
572
222
330
392
384
445
68
546
249
319
438
321
460
478
412
188
388
111
191
428
232
62
402
215
561
277
496
146
349
78
432
127
31
511
96
190
88
296
185
97
155
581
12
64
505
362
99
295
251
369
582
322
416
168
253
63
74
177
338
429
157
331
578
19
448
435
109
353
430
223
81
130
15
90
248
275
324
9
51
480
163
270
573
200
417
217
70
234
531
45
397
133
18
316
218
6
55
20
38
366
4
33
569
237
48
3
396
447
386
503
174
32
283
212
308
466
288
440
421
383
43
229
166
262
231
180
87
50
576
500
454
235
434
36
285
124
427
335
160
271
455
528
574
529
495
508
532
525
171
344
509
485
274
413
183
507
242
98
540
199
117
290
305
54
360
182
465
563
541
420
551
67
494
558
442
286
328
385
473
519
314
547
329
459
462
580
501
207
230
211
167
309
1
244
40
135
42
303
390
426
452
476
357
156
152
204
246
238
254
289
281
112
419
341
431
457
400
381
227
233
410
346
201
370
23
209
453
306
60
25
514
58
575
433
351
26
356
79
131
333
332
140
17
95
490
186
175
44
498
406
260
418
141
521
148
469
404
132
203
161
100
355
216
47
255
142
320
108
284
80
267
497
327
377
436
304
210
30
292
72
568
544
424
464
515
294
71
226
533
517
164
504
66
337
24
479
408
49
184
154
57
279
202
291
477
10
312
512
425
516
350
265
450
506
451
118
138
559
139
287
172
107
196
298
467
437
192
116
276
449
520
299
91
423
247
59
106
339
403
195
471
483
193
526
178
82
261
389
475
101
468
374
125
21
13
14
214
264
550
104
415
158
37
556
336
84
110
162
358
414
555
257
22
325
354
557
208
92
198
150
243
456
29
115
293
352
