34054328
33385143
10570575
5857335
4382460
2725119
2707164
2636457
2197497
2184387
2146803
2059779
1934527
1868755
1251145
1023050
850178
755096
615131
609776
506288
488647
463320
423360
423037
416212
396772
396694
396551
395990
287945
287846
269773
268813
264325
263365
261205
234871
228851
218753
218453
218011
212691
212235
210220
209384
203864
204824
204440
174080
173827
164443
164253
162717
155217
153292
152969
153794
125282
117848
93422
91862
91582
91358
86213
86483
85454
85391
83690
84680
84350
99350
95525
95360
92930
92363
78923
78707
78626
78584
78416
76022
70478
70268
69218
68938
68638
68961
67911
56511
56535
56199
56193
55258
53962
52906
53116
52375
52309
51781
50746
50242
49882
45759
45192
52032
50736
50088
50112
50084
49796
49772
49771
49711
49675
49615
49495
48340
48305
47612
47584
46972
46948
46828
46827
46812
45957
45537
41817
41802
40002
39714
39756
39053
38933
38573
38493
38451
35871
35728
36088
35584
35569
35541
35544
35349
35157
35142
35127
35036
34937
34433
34409
34406
34538
28433
28118
28133
28112
28034
28019
27579
27345
27342
27336
27237
19257
18927
18924
18844
18652
18586
17946
17634
17469
17466
17026
16546
17260
17515
17235
17238
16278
16277
16082
15858
15843
15563
15548
15527
15521
14429
14426
14416
14401
14366
14176
14128
14152
14167
14161
14151
13486
13198
13201
13216
13195
13131
13050
13005
12585
12584
12419
12409
11969
11954
11829
11835
11829
11805
11815
11807
11817
11769
12042
12882
12861
12855
12849
12848
12821
12824
12544
12543
12540
12474
11733
11748
11742
11552
11537
11536
11455
11312
11180
10325
10101
10073
9930
9996
9948
9912
9909
9957
10048
10112
10034
10019
9809
9824
10580
10565
10474
10914
10949
10934
10976
11057
10937
10812
10822
10807
10772
10771
10770
10769
10759
10695
10687
10686
10662
10634
10574
10566
10587
10566
10563
10548
10044
10065
10062
10061
10089
9924
9888
9891
9811
9747
9537
9372
9207
9180
9174
9146
9131
9116
9115
9100
9099
9084
9069
8796
8736
7008
6945
6910
6925
6910
6909
6910
6829
6794
6773
6779
6744
6734
6454
6451
6436
6346
6338
6323
6299
6235
6229
6232
6222
6258
6234
6226
6486
6366
6360
6359
6362
6302
5945
5944
5854
5846
5845
5764
5761
5758
5757
5652
5649
5646
5565
5586
5583
5580
5628
5548
5547
5043
5008
4993
4992
4986
4971
4961
4901
4886
4883
4841
4826
4820
4821
4815
4787
4752
4742
4707
4708
4702
4701
4693
4690
4627
4621
4618
4603
4593
4583
4586
4614
4611
4610
4613
4298
4313
4328
4336
4288
4096
4111
4114
4108
4136
4196
4199
4227
4199
4175
4094
4086
4080
4053
4050
4044
4043
4197
4245
4209
4206
4182
4028
4088
4103
4075
4117
4116
4113
4098
4113
4089
4086
4110
4146
4152
4158
4155
4158
4134
4144
4147
4162
4099
3979
3964
3967
3973
3963
3953
3954
3948
3947
4139
4133
4132
4135
4129
4119
4104
4069
3915
3888
3885
3884
3890
3905
3913
3907
3913
3910
3911
3812
3809
3857
3860
3845
3810
3800
3785
3784
3785
3761
3803
3800
3799
3778
3768
3776
3773
3758
3759
3767
3777
3780
3795
3794
3874
3847
3895
3880
3859
3853
3861
3860
3875
3881
3866
3761
3755
3770
3794
3767
3752
3731
3728
3731
3696
3720
3692
3693
3699
3702
3687
3666
3667
3643
3628
3625
3590
3587
3588
3591
3531
3516
3537
3536
3557
3542
3536
3539
3524
3530
3515
3525
3515
3514
3515
3525
3519
3618
3633
3625
3619
3627
3624
3687
3672
3507
3531
3552
3555
3545
3530
3296
3281
3266
3265
3325
3322
3332
3331
3310
3338
3418
3412
3409
3406
3252
3258
3237
3231
3216
3213
3171
3170
3167
3164
3158
3077
3092
3032
3008
3005
2945
2930
2965
2875
2878
2884
2804
2825
2860
2854
2855
2847
2844
2850
2878
2893
2894
2870
2876
2756
2735
2690
2689
2688
2682
2672
2675
2672
2671
2670
2667
2664
2663
2538
2496
2497
2487
2472
2473
2467
2468
2467
2459
2451
2443
2458
2368
2374
2364
2367
2352
2337
2313
2298
2299
2289
2286
2285
2270
2222
2219
2192
2234
2249
2234
2231
2207
2213
2237
2234
2314
2356
2341
2340
2343
2253
2254
2239
2224
2221
2218
2215
2173
2174
2175
2174
2175
2190
2126
2105
2097
2112
2111
2110
2120
2117
2120
2112
2109
2112
2122
2121
2118
2142
2143
2098
2097
2177
2198
2197
2189
2354
2319
2277
2262
2310
2230
2231
2246
2281
2278
2272
2271
2272
2269
2189
2188
2187
2181
2171
2111
2112
2115
2114
2106
2130
2154
2146
2154
2155
2149
2059
2065
2064
2061
2033
1991
1990
1991
1931
1916
1919
1934
1940
1948
2029
2028
2027
2026
2029
2028
2020
2026
2027
2037
2034
2035
2034
2049
2046
2047
2044
2275
2107
2092
2091
2090
2075
2078
2084
2094
2091
2067
2064
2049
1839
1929
1957
1954
1955
1949
1964
1965
1971
1970
1971
1972
1969
1968
1996
1988
1994
1993
1951
1870
1873
1870
1905
1940
1937
1934
1931
1946
1949
1964
1970
2075
2081
2018
2017
1982
1972
1847
1846
1843
1828
