251810
233480
76520
71255
58487
46220
58988
37772
23492
35759
31717
30814
26446
25486
20236
19375
19141
24391
27407
24391
21766
13279
13342
13576
13852
13618
13612
24652
33724
30724
20857
15145
11065
10975
11065
9385
9361
9346
9310
9076
9271
8521
4066
4258
5392
5249
5144
4949
4661
4562
4667
4766
4811
5561
5441
5477
5386
5529
5514
5604
5610
5467
4627
4621
5621
4871
4751
4759
4765
4390
4515
4452
4416
4371
4416
4371
6246
6256
6192
6191
6255
6252
4377
4385
3980
3855
3375
7665
8415
8745
9150
8160
8145
9135
9145
9160
9285
9295
9280
7795
7600
7520
6530
6515
6710
7175
7165
7022
7165
7285
3596
3533
3596
3431
3551
3460
3625
3885
3825
3705
3225
3082
2725
2788
2848
3043
4275
4276
6421
4276
4275
3120
2955
4575
4583
4584
5739
6219
5284
5564
5579
5578
5812
7972
8063
8123
7643
7363
7303
7745
7898
7895
7300
6571
6481
13246
13236
13327
13246
13366
13381
13373
13568
5368
5032
5017
5032
5042
4997
4996
4933
5413
3538
3514
3994
6074
6154
6182
6185
6140
6148
6028
3948
4263
4269
3996
3960
4233
4269
4254
4218
4212
3900
4650
4665
4574
4340
4343
4109
4106
4016
3992
4002
4912
4432
4447
3537
2787
3123
3603
3798
3770
3780
3444
3639
3775
4930
5680
5716
5461
5446
5303
5295
5415
4975
4951
4441
4449
4457
4472
4471
4495
7105
4495
7105
4669
4312
4318
4408
4544
4454
8150
8384
8741
8895
9231
9588
10028
6332
10412
10055
10145
10054
9550
9290
9262
9277
9269
8773
9269
9214
8619
8853
8944
8710
8647
8752
8661
8401
8404
9492
9482
9402
9636
5148
5316
4260
4270
4165
4193
5249
5592
5949
9204
9240
9216
8936
8793
8733
7798
8308
8217
8216
8231
8246
8110
9646
8026
8401
8635
8634
8610
8940
8610
8638
8641
8665
8680
9421
8911
9031
8932
6607
8932
8968
8932
9013
9049
8986
8923
5668
5548
9500
9875
5843
5858
5528
5123
4538
6995
4943
4568
4532
4542
3877
3976
3941
7637
7538
7528
7591
8256
8241
8262
8361
8306
8226
8262
8342
8314
7719
7683
7963
7964
8069
10373
10748
8444
11199
11191
11111
10615
11995
12894
14475
15140
14570
15593
15621
15593
10952
11186
6896
5951
8681
6287
5252
5109
5252
5242
5341
5335
5359
5216
5192
5195
5240
5219
4229
7364
7363
7423
7489
11944
11884
8749
7264
7198
7170
7155
3795
3780
3786
3474
2809
2764
2809
3799
3604
3614
3446
3326
3341
3326
6736
7759
7639
7640
7703
7604
7619
7718
7739
7754
8159
9314
9329
9314
9404
9299
9019
9649
9568
9523
9898
9913
10033
4363
4327
4132
8773
8749
4261
4288
4393
4018
4073
4268
4223
4784
4820
5030
4835
5030
4967
4624
4652
4457
4481
3886
3894
3814
4126
4141
4096
5240
3680
3652
3442
3427
3400
3365
3175
3160
3136
3121
3136
3640
3664
3649
3992
3926
3954
3978
3979
7114
7135
7125
7124
7082
7083
7419
8259
8724
8948
8636
8663
8198
8297
9782
9925
9445
9302
12557
12914
14087
15582
12513
11457
11472
12033
12025
11542
10668
10653
10796
10886
8030
8002
7882
7312
7795
7816
8806
8851
9106
9301
10729
10719
10747
10552
11794
18814
18086
18296
11003
11027
10982
10967
11303
11048
11303
10861
10627
11355
11550
11595
10867
9712
9580
9237
9247
9262
9742
10462
9307
10462
8902
8782
8810
8782
7081
7315
5995
5890
5855
5540
5585
6905
6185
6905
5813
6008
6005
5810
4754
5129
5294
8024
7304
7114
6259
6139
3409
3004
2629
2650
2656
3226
3241
3646
3631
3826
4546
5401
5026
6118
5551
5926
6116
13526
13541
13526
17981
18124
18089
16604
16639
13279
13136
16496
27221
27026
13001
12281
26306
26278
26293
14268
10908
10887
10575
10497
10507
7066
7546
7567
8590
8398
7918
7390
7389
7325
6829
6844
6823
6358
6449
6476
6833
7313
7177
7057
6714
6717
6990
10006
10034
10250
9977
9953
6953
6954
6939
5949
7329
7326
8225
6845
6680
6770
6575
6565
7363
7362
7426
8038
10208
10838
10866
11061
10449
6795
6753
6873
6018
6033
6043
6763
8950
9286
6415
6895
5194
5230
4582
4610
4607
4264
4249
4579
5944
5959
6232
6204
6340
7768
7769
7824
7734
7539
5667
4131
4139
4124
4096
5968
5958
5950
5690
6095
6059
5835
6345
6569
6705
4833
4578
4523
4659
4919
10274
10284
12159
12249
10824
10803
10866
10802
10882
14962
14899
15427
15547
14392
23302
23393
23627
28247
22247
24362
25787
19207
17782
16262
15982
15947
15950
13535
13301
13325
13445
6757
6677
10472
10329
10344
10487
9632
9622
9958
12038
16658
16577
19073
13953
12721
9201
7809
7808
7793
7765
7789
8146
8551
19890
19953
9258
9195
9300
9363
9303
8838
8848
8743
8698
8293
8758
8803
8788
7732
7747
7513
7993
4273
4294
4430
4310
4814
4409
4289
4859
4849
5794
5437
5536
5521
5711
5521
6376
5242
6376
6496
5831
6062
6143
6053
4961
5626
5353
5773
5758
5338
4834
4743
4742
10062
6632
6638
6602
6603
6568
6225
6305
6662
6620
7124
7139
7133
8558
8568
7143
7279
7264
7184
4790
5300
5236
5215
5431
4921
5116
5626
5886
5883
5911
7611
6771
7176
9570
9354
10029
7734
8361
5631
5191
4596
4617
4464
4328
4055
4056
4064
3944
3923
3924
4179
4200
3210
3274
3253
4243
4237
4402
4423
4402
4594
4595
4616
4484
4926
4736
7694
7319
8551
8894
8111
8321
8320
8321
8320
8335
8338
7403
7388
7898
7899
7563
7598
15008
14413
19678
19873
19901
26786
27122
14525
13822
13486
12191
12146
9716
9611
9576
7406
7211
7187
7202
6968
7163
7673
7400
7680
8100
8099
8084
4674
4232
4268
4058
4157
4277
4287
3297
4287
4332
4587
7997
7877
7709
4299
4347
4851
4906
4549
4450
4387
4675
4332
4340
4292
4397
4387
6067
5947
5939
5246
5301
3621
3566
3558
4153
4595
3983
3991
3936
6936
6915
7058
7094
7093
7535
8000
8003
7538
7541
8990
9270
9318
9879
12174
11894
9599
9509
8635
10930
9688
9331
9796
10076
10016
10373
8924
8930
8972
8836
10285
9715
11296
12906
12801
16490
16986
14186
11792
14376
14512
14602
13234
10444
20209
18634
18481
8356
8341
8011
8245
8011
9439
8869
8974
8919
12999
13009
12919
12877
13405
13395
13485
11805
11700
13185
12657
12762
12924
10614
10848
10705
11793
11883
7803
7737
7638
7506
7542
7917
7925
6497
6302
6301
6535
3805
3896
3806
5234
4829
4793
4265
4031
3888
5568
7713
7668
7653
7743
7779
8507
7187
7215
7125
7359
6309
6303
6093
6138
5904
5889
4461
4560
4515
4635
4641
4656
4648
4612
3187
4615
4587
4311
4821
4964
5009
5114
5348
5342
5507
5783
5978
6278
6905
6884
7037
5462
5309
5049
4761
4596
4749
4685
4973
11078
11050
11114
11099
10946
11541
16314
6639
6503
5078
4493
4494
4491
4506
4671
4447
4282
5578
5563
5420
5423
5503
5608
5488
5653
5663
6803
6946
5986
6106
6096
5823
5966
5969
6024
5979
5985
6013
4285
6235
7170
7176
6021
5889
5881
5875
5920
5917
5342
6497
6533
6488
6048
6072
5952
5937
5747
5981
5141
4907
4987
5177
5752
5536
3611
3692
3756
4113
4114
4618
4261
4141
3951
4356
3501
3096
3141
2798
3155
3635
3555
3435
3420
3456
3471
4200
4064
3911
4064
4054
3550
3430
3485
3458
3578
4418
4228
4222
4342
5332
5437
4867
4859
4739
4549
4564
4369
4474
4396
4516
4036
4226
4198
4366
3886
2896
2897
2907
3050
2855
2863
2853
2996
3276
3185
2849
3794
3749
4344
4599
3654
3420
3930
3931
4021
3940
4021
4357
4552
4462
5712
5544
5698
4873
4993
4992
4993
5003
4808
4665
4664
4661
4151
4115
4136
4172
4217
4448
4616
4336
4381
4336
4024
4240
4474
4464
4419
5739
5749
6259
7687
7688
6632
6640
5408
8972
8852
16838
18070
20094
19860
19485
10630
10720
10775
10767
7722
7623
7626
4610
4655
6150
6069
6234
6091
6946
7089
7188
9113
11114
9864
9384
8229
5213
5840
5837
6167
5540
6020
6647
6504
10497
22377
22257
22452
22257
23817
18657
18945
18321
17025
17935
17530
17335
16615
16650
16845
16890
17085
18975
18780
18546
17061
17033
16385
16420
16414
13834
14575
14581
14636
15035
15000
15168
18003
18564
17784
18957
21414
19734
16899
15726
15716
14561
14546
14510
13730
13355
13365
12420
12448
12456
12432
12692
12752
12653
5243
5963
5962
5707
5708
4853
4825
4105
4141
4204
4114
4009
4008
4128
4122
4221
5166
4221
4281
4721
4857
3526
3511
3448
3601
3406
3749
3650
3665
3512
3665
3605
4550
4495
4415
3575
3638
3623
3633
3465
3312
3411
3564
3509
3524
3514
4306
4316
4236
4296
4671
4770
4725
4770
4769
3834
3889
3694
3774
3710
3574
3717
3374
3510
3853
3793
3673
3688
3345
3180
3316
3173
3037
3022
3023
3024
2969
2993
2948
2947
2867
2804
2924
2804
2909
3029
3019
3083
2963
2820
2805
2868
3858
3843
5403
5393
5401
5416
5422
5302
5303
5297
5296
5332
5137
5217
5118
5126
5118
7614
7617
3777
3687
4622
8142
8187
5691
6003
5898
4908
6042
6132
6366
6846
6861
6952
6637
10333
9853
10133
10484
6644
4349
6644
10484
8054
8039
8084
8364
8442
8351
8078
8351
8117
7997
7829
3989
4004
4012
3796
3811
4291
4283
4247
5192
4352
4128
4156
4078
4063
4141
4651
4652
4561
4483
4455
7471
7911
7284
7294
7372
4501
5926
5925
5897
6128
6383
6726
10041
9888
10211
8336
8441
8469
10344
9679
9399
9679
9336
10821
10653
10681
10671
10731
10595
6602
6027
6063
6078
5658
6078
5913
5898
4518
6366
10086
10101
10269
8595
8640
8612
8567
8595
7867
7672
7636
5260
5455
5427
5619
5629
5728
7108
6916
4771
6916
7052
7067
9068
9076
6031
5983
5998
5830
5635
7560
7896
7616
7601
7600
7573
7574
7679
9694
9974
9919
9934
9469
10064
9784
9739
9144
9189
7314
7234
6639
6618
6573
6510
8385
8865
6990
6510
6525
5950
7825
7810
9811
9766
9781
10376
10375
10840
10375
8500
8094
8174
8195
8223
6348
6543
6588
6396
6549
6564
8439
6045
6044
6080
6116
6161
6125
6080
6065
6020
6056
6011
5441
5540
4820
5150
5195
5132
5387
5342
7042
7021
7031
5156
5120
5495
6065
5985
5880
9255
8415
8495
11250
11251
9641
9677
8894
10769
16034
16049
16829
16832
16052
14351
14366
14156
14141
14375
14950
14960
17285
13658
15218
19508
18364
34666
34018
33927
10785
33927
33926
34574
34665
34668
31533
31527
32352
32261
32108
31848
32171
32177
15677
32177
18867
13169
12599
12224
11649
12224
12252
12294
12322
12312
12277
11452
11712
10480
10516
10522
10462
10119
10120
10450
10465
9799
9763
9799
10279
11008
11203
11213
10493
10163
10148
10120
10119
6879
7935
7998
7990
14755
13600
13621
13387
13393
13330
5335
5460
5655
5619
5629
6539
7109
6444
6864
7529
7519
7529
7124
9176
8266
8994
9189
9217
9022
9217
10432
14317
14362
14617
10732
10462
10742
10874
10658
7418
7928
7592
7187
7163
6968
6947
6944
7505
7828
5098
7828
6973
6837
4317
4272
4273
4609
6104
5519
5376
5400
5673
4224
3881
4610
4457
4015
3781
3880
3440
3416
3856
3961
3481
3286
3196
3141
3284
3339
3207
3186
2676
2533
2554
2526
2427
2154
2244
2124
2179
2098
2077
2022
1998
1974
3849
3904
3805
3795
3794
3818
3860
3861
3889
3988
4087
4151
4481
4457
4577
4550
4508
4532
4907
4935
5040
7365
7445
8138
4883
4859
4649
5369
5579
5204
5771
5267
5291
5256
5241
5256
5255
5450
4721
4820
4901
10571
4901
4925
7760
7796
6236
6470
6392
6473
6428
6347
7481
7496
7976
15971
8509
7459
7602
6468
6793
6631
6793
5649
5961
5751
5715
4965
4845
5250
5260
5296
4921
5296
5251
5108
5423
6567
6087
6567
6255
6660
6659
7099
6904
5175
5097
5096
5102
4931
5022
4707
4722
5127
5128
5136
4731
4626
3906
3905
3899
3944
6024
6025
5920
3723
3632
3944
4076
4031
4032
4872
4740
4620
4425
4020
3877
3817
3442
3487
3486
3564
3591
3581
3680
3695
3860
