168 2000
109
156
45
6
52
127
52
96
80
127
152
151
13
15
65
150
165
65
96
96
50
127
13
165
150
165
166
80
127
35
63
117
127
160
160
137
4
48
14
105
45
20
81
109
105
52
120
45
65
61
120
52
165
20
160
14
150
61
165
160
166
61
112
166
127
20
97
63
166
107
112
13
164
108
108
98
35
165
160
14
160
46
35
48
87
112
75
137
20
61
87
26
109
26
46
109
112
152
80
120
63
109
26
48
45
150
152
46
46
96
137
105
6
20
65
150
20
164
112
65
87
61
134
105
117
48
120
14
50
50
14
127
20
35
63
151
127
87
117
65
15
151
4
26
13
112
87
65
114
156
152
135
127
160
156
50
152
150
166
160
80
63
117
45
6
112
112
152
165
108
105
75
35
4
87
45
6
98
107
5
63
80
45
156
166
120
6
120
6
15
6
166
48
20
109
164
52
135
160
107
156
112
4
127
87
5
127
20
6
87
114
98
108
6
45
97
127
20
14
96
109
46
63
81
114
4
117
107
63
112
97
4
15
26
26
14
120
166
156
96
156
35
52
137
105
6
120
109
35
80
137
156
13
105
5
6
5
63
96
96
45
127
160
164
52
107
114
164
156
46
65
152
109
52
75
63
81
152
120
98
81
127
134
35
164
4
65
50
114
80
120
150
108
151
109
81
97
96
75
165
5
152
61
61
6
107
152
48
156
120
81
52
20
20
5
97
108
97
112
98
35
81
150
45
151
114
46
87
164
151
156
75
5
4
151
96
107
35
96
4
98
151
166
81
105
97
105
13
164
98
127
6
65
5
120
46
117
46
156
48
135
15
127
137
166
75
65
46
98
98
156
61
35
150
65
61
117
46
46
108
52
109
4
46
152
107
96
81
26
61
151
112
15
135
114
61
120
15
13
112
134
5
109
137
75
96
96
26
166
152
63
160
114
165
35
46
65
14
13
52
151
61
81
5
6
48
165
165
112
14
4
15
114
13
75
165
160
35
5
48
35
152
26
117
105
75
98
150
96
108
5
80
150
150
6
127
13
150
4
107
50
164
137
166
98
48
46
13
80
5
117
109
45
166
48
112
166
87
152
166
127
15
13
48
97
26
46
4
165
48
165
156
80
15
164
137
117
15
98
45
63
160
63
75
134
120
150
87
81
109
15
50
135
156
165
52
160
20
13
80
152
114
81
96
165
65
50
80
108
13
150
112
63
46
107
65
152
165
151
14
63
63
61
52
46
137
165
46
97
105
13
4
151
156
97
80
80
26
151
6
6
114
52
75
165
15
160
151
75
97
97
127
48
107
137
81
160
20
150
97
45
35
80
150
156
75
108
166
61
5
156
5
137
97
35
160
127
117
160
46
45
80
80
135
15
109
120
109
134
15
134
26
152
48
97
48
98
80
52
134
108
137
164
165
46
75
108
15
160
75
45
151
156
14
5
108
15
150
117
137
75
135
150
127
107
6
65
134
114
6
50
35
14
5
26
135
107
52
135
20
164
137
4
120
14
156
160
50
46
13
137
160
52
48
150
117
15
4
127
117
14
63
87
114
152
75
98
46
13
109
52
114
5
6
98
97
98
108
45
164
50
127
97
48
80
98
127
165
48
5
26
152
137
75
137
151
117
65
45
81
5
135
164
35
165
26
14
105
156
109
80
105
97
107
150
117
13
160
98
75
150
26
112
26
150
4
107
46
98
160
152
156
134
6
75
52
48
63
35
46
14
150
98
166
160
97
120
87
137
5
109
98
50
134
26
137
105
135
105
6
105
117
165
4
134
96
26
165
96
114
81
114
61
87
151
46
135
96
52
160
80
65
4
20
137
107
114
80
80
35
14
14
81
75
109
166
164
13
75
20
13
166
13
87
150
165
61
52
166
152
151
50
105
152
120
109
87
112
108
26
4
26
96
48
152
61
134
156
14
20
134
150
117
5
107
98
97
120
137
61
20
105
97
45
65
46
87
14
151
150
6
108
50
135
81
151
150
81
35
156
14
35
166
114
14
81
160
165
81
112
52
45
152
75
120
13
137
80
165
165
165
109
46
117
114
48
165
14
112
45
127
26
117
134
20
6
52
15
6
50
96
152
151
112
46
117
4
166
61
117
164
120
65
127
5
109
26
165
14
80
52
107
4
35
26
6
135
35
107
63
35
114
87
97
134
105
98
96
127
107
114
134
4
137
65
107
87
5
137
14
48
127
165
160
63
45
35
81
50
152
108
61
45
107
45
46
151
4
114
87
65
4
65
164
156
65
52
134
15
4
117
134
61
108
109
97
61
152
45
75
151
137
151
127
61
48
81
164
50
45
14
134
151
15
48
4
160
165
134
65
120
5
80
152
160
108
97
152
112
137
120
45
97
151
117
20
61
63
65
160
87
109
61
117
109
15
50
80
150
151
165
35
150
112
80
14
6
65
165
46
137
35
96
15
112
6
46
75
98
112
165
45
109
80
5
165
114
134
61
5
65
109
114
50
6
26
134
98
150
75
52
96
120
165
109
20
150
50
151
45
81
80
134
135
164
65
20
135
160
65
48
13
160
114
135
127
26
45
151
26
50
14
107
114
20
137
20
81
166
61
107
164
105
160
20
4
45
15
46
160
4
20
61
135
98
165
109
6
75
63
117
166
127
105
48
166
165
107
52
127
5
96
114
112
160
109
45
4
120
4
105
45
52
81
61
166
156
134
108
13
134
5
45
87
35
87
96
127
137
87
105
96
112
152
109
160
135
152
152
108
165
150
45
117
5
75
80
109
96
35
151
65
63
5
45
112
152
120
164
5
87
45
98
152
14
35
108
165
46
45
107
165
50
4
13
156
150
96
127
65
150
4
117
97
109
108
108
156
61
109
114
152
105
112
135
151
151
165
50
52
97
46
75
5
81
5
96
109
152
160
13
151
137
20
160
165
96
14
165
75
80
97
20
50
120
87
5
63
120
96
160
15
87
164
5
50
81
13
46
65
151
150
166
20
63
35
52
13
98
160
107
75
127
150
45
135
4
45
75
45
61
26
15
165
137
114
87
5
65
105
87
127
156
137
97
112
137
165
166
114
137
165
112
98
75
107
166
45
150
166
97
137
107
63
156
87
6
81
45
46
156
81
4
127
109
164
45
117
165
150
134
48
152
164
112
52
26
117
108
96
5
35
134
117
109
105
112
120
151
150
109
52
81
81
112
6
151
15
80
105
135
166
127
52
80
151
151
112
81
5
164
80
105
114
46
63
135
98
135
97
114
46
152
46
105
112
45
52
14
5
165
151
14
48
105
160
150
50
127
150
127
114
65
109
127
20
96
46
135
109
108
165
14
164
13
108
105
6
65
65
120
65
152
156
65
50
165
6
35
112
26
164
63
15
166
150
151
166
151
152
137
105
52
50
50
20
135
26
156
80
97
13
81
137
120
35
26
156
160
75
114
164
160
35
75
4
107
26
98
98
26
96
114
151
65
108
13
6
6
4
135
63
26
165
50
20
114
160
50
5
81
80
152
134
97
15
97
75
14
165
164
134
96
46
45
4
164
98
26
14
6
109
150
127
152
97
63
160
134
6
20
75
65
65
105
45
63
98
4
117
81
26
137
13
80
127
105
20
80
152
26
97
165
63
108
14
134
14
134
46
150
6
97
150
134
112
4
52
152
112
35
35
81
15
160
48
152
114
5
164
150
61
6
4
15
151
117
151
120
20
4
107
166
45
127
4
98
87
98
20
105
127
81
13
6
75
87
75
87
80
52
20
166
75
96
114
127
5
45
45
20
80
105
81
13
35
137
96
156
134
15
35
61
165
6
164
165
6
165
15
96
6
98
65
52
127
61
14
105
150
14
135
81
4
137
6
117
112
135
151
65
52
135
127
97
75
14
135
20
15
5
45
107
45
114
80
134
5
156
52
46
75
63
114
45
112
50
75
150
35
35
97
75
152
135
61
109
134
164
80
156
63
109
46
46
50
13
65
75
114
114
98
108
6
152
107
134
5
120
164
166
117
127
151
61
80
14
164
97
75
96
150
165
97
61
166
98
165
20
81
105
63
50
80
14
4
166
105
35
112
117
5
165
120
152
151
13
151
165
165
14
156
120
61
107
98
107
107
137
134
5
65
134
108
4
105
114
152
164
6
137
4
150
81
135
108
152
48
48
160
98
45
96
97
14
150
50
61
4
120
151
13
160
152
156
160
96
109
4
109
151
108
150
165
97
61
98
105
14
75
52
14
98
61
120
165
65
97
166
14
97
164
112
35
97
96
46
97
164
108
97
13
52
96
156
50
164
46
117
108
164
75
134
120
20
6
98
35
164
15
127
15
75
117
52
112
50
109
109
151
137
96
52
108
135
135
164
114
152
109
105
108
166
5
166
96
80
75
135
137
134
61
96
109
105
105
112
137
15
13
20
98
160
4
13
156
156
107
61
5
112
75
75
137
87
97
50
164
127
152
165
166
109
150
5
15
14
108
63
26
6
117
108
166
107
45
97
120
48
150
137
117
107
151
20
117
80
45
87
50
114
75
107
151
152
117
4
96
80
114
