111653501
110889626
110129243
109372344
108618921
107868966
107122471
106379428
105639829
104903666
104170931
103441616
102715713
101993214
101274111
100558396
99846061
99137098
98431499
97729256
97030361
96334806
95642583
94953684
94268101
93585826
92906851
92231168
91558769
90889646
90223791
89561196
88901853
88245754
87592891
86943256
86296841
85653638
85013639
84376836
83743221
83112786
82485523
81861424
81240481
80622686
80008031
79396508
78788109
78182826
77580651
76981576
76385593
75792694
75202871
74616116
74032421
73451778
72874179
72299616
71728081
71159566
70594063
70031564
69472061
68915546
68362011
67811448
67263849
66719206
66177511
65638756
65102933
64570034
64040051
63512976
62988801
62467518
61949119
61433596
60920941
60411146
59904203
59400104
58898841
58400406
57904791
57411988
56921989
56434786
55950371
55468736
54989873
54513774
54040431
53569836
53101981
52636858
52174459
51714776
51257801
50803526
50351943
49903044
49456821
49013266
48572371
48134128
47698529
47265566
46835231
46407516
45982413
45559914
45140011
44722696
44307961
43895798
43486199
43079156
42674661
42272706
41873283
41476384
41082001
40690126
40300751
39913868
39529469
39147546
38768091
38391096
38016553
37644454
37274791
36907556
36542741
36180338
35820339
35462736
35107521
34754686
34404223
34056124
33710381
33366986
33025931
32687208
32350809
32016726
31684951
31355476
31028293
30703394
30380771
30060416
29742321
29426478
29112879
28801516
28492381
28185466
27880763
27578264
27277961
26979846
26683911
26390148
26098549
25809106
25521811
25236656
24953633
24672734
24393951
24117276
23842701
23570218
23299819
23031496
22765241
22501046
22238903
21978804
21720741
21464706
21210691
20958688
20708689
20460686
20214671
19970636
19728573
19488474
19250331
19014136
18779881
18547558
18317159
18088676
17862101
17637426
17414643
17193744
16974721
16757566
16542271
16328828
16117229
15907466
15699531
15493416
15289113
15086614
14885911
14686996
14489861
14294498
14100899
13909056
13718961
13530606
13343983
13159084
12975901
12794426
12614651
12436568
12260169
12085446
11912391
11740996
11571253
11403154
11236691
11071856
10908641
10747038
10587039
10428636
10271821
10116586
9962923
9810824
9660281
9511286
9363831
9217908
9073509
8930626
8789251
8649376
8510993
8374094
8238671
8104716
7972221
7841178
7711579
7583416
7456681
7331366
7207463
7084964
6963861
6844146
6725811
6608848
6493249
6379006
6266111
6154556
6044333
5935434
5827851
5721576
5616601
5512918
5410519
5309396
5209541
5110946
5013603
4917504
4822641
4729006
4636591
4545388
4455389
4366586
4278971
4192536
4107273
4023174
3940231
3858436
3777781
3698258
3619859
3542576
3466401
3391326
3317343
3244444
3172621
3101866
3032171
2963528
2895929
2829366
2763831
2699316
2635813
2573314
2511811
2451296
2391761
2333198
2275599
2218956
2163261
2108506
2054683
2001784
1949801
1898726
1848551
1799268
1750869
1703346
1656691
1610896
1565953
1521854
1478591
1436156
1394541
1353738
1313739
1274536
1236121
1198486
1161623
1125524
1090181
1055586
1021731
988608
956209
924526
893551
863276
833693
804794
776571
749016
722121
695878
670279
645316
620981
597266
574163
551664
529761
508446
487711
467548
447949
428906
410411
392456
375033
358134
341751
325876
310501
295618
281219
267296
253841
240846
228303
216204
204541
193306
182491
172088
162089
152486
143271
134436
125973
117874
110131
102736
95681
88958
82559
76476
70701
65226
60043
55144
50521
46166
42071
38228
34629
31266
28131
25216
22513
20014
17711
15596
13661
11898
10299
8856
7561
6406
5383
4484
3701
3026
2451
1968
1569
1246
991
796
653
554
491
456
441
438
446
454
462
470
478
486
494
502
510
518
510
518
526
534
542
550
558
566
574
582
590
654
662
670
678
630
654
662
670
678
702
710
734
758
766
774
766
774
822
830
838
846
854
846
910
918
926
934
942
950
958
966
974
982
1006
1014
1038
1046
1070
1078
1086
1110
1118
1126
1174
1166
1174
1166
1190
1182
1190
1198
1174
1182
1190
1182
1174
1366
1374
1382
1390
1414
1406
1358
1406
1430
1438
1462
1470
1478
1486
1494
1502
1510
1534
1510
1518
1526
1550
1558
1566
1614
1638
1646
1694
1646
1654
1702
1710
1702
1710
1718
1710
1590
1598
1622
1702
1710
1718
1726
1734
1742
1766
1790
1854
1862
1886
1894
1902
1894
1918
1926
1918
1926
1918
1942
1950
1958
1950
1926
1950
1958
1966
1990
1998
2022
2142
2022
1998
1950
1974
1982
1990
1998
2022
2102
2110
2118
2094
2070
2118
2142
2166
2174
2182
2206
2214
2222
2270
2262
2270
2294
2302
2310
2286
2294
2318
2366
2374
2294
2318
2366
2358
2350
2358
2350
2342
2318
2342
2390
2398
2390
2382
2406
2358
2366
2414
2422
2430
2438
2374
2366
2374
2326
2302
2382
2390
2366
2390
2398
2446
2454
2518
2526
2534
2726
2718
2742
2750
2742
2694
2702
2982
3006
3014
3006
2998
3062
3054
2774
2822
2830
2806
2926
2934
2942
2966
2974
2982
2990
3014
2798
2846
2854
2846
2870
2878
2886
2878
2886
2862
2814
2822
2798
2918
2942
2934
2886
2910
2902
2950
3142
3150
3158
3166
3190
3166
3230
3254
3262
3254
3230
3206
3214
3238
3214
3262
3270
3294
3286
3294
3318
3326
3262
3142
3150
3174
3198
3206
3198
3206
3214
3222
3174
3166
3214
3334
3342
3318
3326
3318
3270
3262
3326
3334
3342
3350
3374
3398
3406
3398
3406
3430
3438
3462
3438
3462
3470
3422
3446
3454
3406
3382
3430
3438
3414
3390
3366
3414
3422
3414
3294
3302
3294
3246
3254
3278
3398
3406
3430
3550
3614
3622
3646
3654
3678
3702
3726
3734
3726
3702
3694
3702
3654
3646
3654
3606
3598
3606
3614
3734
3742
3718
3638
3518
3542
3566
3686
3734
3758
3806
3814
3806
3726
3718
3726
3510
3518
3526
3502
3526
3606
3670
3678
3630
3606
3630
3710
3758
3926
3934
3654
3646
3670
3678
3702
3726
3750
3870
3846
3854
3974
3998
3950
3998
3950
3974
3950
3926
3934
3958
4022
4014
3990
3982
4702
4822
4798
4822
4886
4910
4718
4430
3950
3926
3878
3926
3902
3910
3886
3910
3918
3894
3942
3934
3910
3846
3838
