8758409
4993844
3978060
3164715
3149895
2681895
2413704
2176779
1757604
979284
978772
875032
478552
456852
446996
256721
255640
248080
245665
241945
240245
209060
198620
198396
195081
194486
162461
153077
150612
148218
146455
126448
126406
125566
114793
114523
92578
71533
66913
66910
59918
59813
58318
57975
57783
57440
57437
52592
52208
51505
51457
51415
45643
44950
44830
36835
35275
34285
34075
34009
33974
33896
32576
25283
24843
22233
22188
21876
21795
21787
21412
21321
21261
21219
21054
21053
21029
21002
20924
20804
19814
19652
19642
19312
19147
19022
18942
18852
18842
17162
16364
16358
13748
13649
13121
12887
12807
12779
12769
12329
12319
12318
12186
12105
12015
11760
11400
11390
11384
11378
10751
10661
10653
10338
10335
10275
10080
10077
9672
9662
9656
9628
9550
9540
9480
9348
9313
9170
8978
8977
8654
8618
8612
8611
8608
8602
8539
8529
8169
8079
8051
8003
7715
7673
7508
7500
7497
7491
7485
7479
7464
7302
7092
7071
7068
6987
6963
6927
6903
6679
6669
6537
6282
6267
5944
5909
5903
5893
5725
5724
5718
5676
5652
5642
5621
5429
5426
5378
5375
5105
5102
5012
4946
4940
4892
4244
4164
4116
4050
4047
4011
4005
3970
3969
3961
3955
3940
3937
3873
3872
3857
3856
3850
3847
3837
3827
3691
3683
3680
3638
3583
3582
3576
3528
3513
3033
2969
2963
2957
2933
2932
2922
2895
2894
2839
2824
2704
2703
2676
2673
2625
2624
2621
2516
2492
2477
2453
2445
2435
2432
2372
2371
2356
2265
2264
2261
2260
2259
2139
2133
2127
2126
2125
2122
2098
2092
2084
2078
2077
1945
1825
1798
1774
1654
1651
1650
1635
1625
1619
1613
1607
1599
1596
1593
1578
1575
1551
1548
1538
1478
1463
1455
1449
1441
1435
1425
1422
1416
1413
1412
1411
1410
1407
1379
1373
1372
1369
1366
1363
1360
1345
1344
1343
1342
1339
1336
1333
1332
1254
1233
1230
1188
978
977
967
966
958
952
949
943
940
939
938
935
929
926
806
805
802
799
784
781
766
760
754
753
747
744
741
740
737
722
719
716
713
712
711
710
709
703
695
692
686
685
682
679
664
629
614
613
612
611
608
607
606
600
597
594
593
569
568
565
557
556
555
549
548
547
546
545
544
543
542
527
526
516
515
514
513
510
509
508
507
504
501
491
467
459
435
434
433
423
420
419
416
415
414
413
410
409
408
405
404
403
400
399
398
397
391
390
348
340
339
338
328
320
310
302
301
300
292
291
285
282
279
276
275
248
247
246
245
244
243
242
239
238
235
234
231
228
227
221
218
217
214
211
208
205
204
203
202
201
200
194
193
192
191
190
189
188
185
184
183
180
165
162
161
160
152
151
145
142
141
140
139
136
135
134
133
130
129
128
127
126
125
124
123
122
121
120
119
118
117
116
115
114
113
110
102
101
100
99
96
95
94
93
92
89
86
83
80
79
76
73
72
71
70
69
66
65
64
63
62
61
60
59
58
57
56
55
54
53
52
51
50
49
48
47
46
43
40
39
38
37
36
35
32
31
30
22
21
20
19
18
17
16
15
14
13
12
11
10
9
8
7
6
5
4
3
2
1
0
