131
11111111011000101000111010110001001110111011011101110111100000110010001010101110010110011110000101001001110101011100000100011001010
8515
3 1 1
3 1 2
3 2 2
3 1 3
3 2 3
3 3 3
3 1 4
3 2 4
3 3 4
3 4 4
3 1 5
3 2 5
3 3 5
3 4 5
3 5 5
3 1 6
3 2 6
3 3 6
3 4 6
3 5 6
3 6 6
3 1 7
3 2 7
3 3 7
3 4 7
3 5 7
3 6 7
3 7 7
3 1 8
3 2 8
3 3 8
3 4 8
3 5 8
3 6 8
3 7 8
3 8 8
3 1 9
3 2 9
3 3 9
3 4 9
3 5 9
3 6 9
3 7 9
3 8 9
3 9 9
3 1 10
3 2 10
3 3 10
3 4 10
3 5 10
3 6 10
3 7 10
3 8 10
3 9 10
3 10 10
3 1 11
3 2 11
3 3 11
3 4 11
3 5 11
3 6 11
3 7 11
3 8 11
3 9 11
3 10 11
3 11 11
3 1 12
3 2 12
3 3 12
3 4 12
3 5 12
3 6 12
3 7 12
3 8 12
3 9 12
3 10 12
3 11 12
3 12 12
3 1 13
3 2 13
3 3 13
3 4 13
3 5 13
3 6 13
3 7 13
3 8 13
3 9 13
3 10 13
3 11 13
3 12 13
3 13 13
3 1 14
3 2 14
3 3 14
3 4 14
3 5 14
3 6 14
3 7 14
3 8 14
3 9 14
3 10 14
3 11 14
3 12 14
3 13 14
3 14 14
3 1 15
3 2 15
3 3 15
3 4 15
3 5 15
3 6 15
3 7 15
3 8 15
3 9 15
3 10 15
3 11 15
3 12 15
3 13 15
3 14 15
3 15 15
3 1 16
3 2 16
3 3 16
3 4 16
3 5 16
3 6 16
3 7 16
3 8 16
3 9 16
3 10 16
3 11 16
3 12 16
3 13 16
3 14 16
3 15 16
3 16 16
3 1 17
3 2 17
3 3 17
3 4 17
3 5 17
3 6 17
3 7 17
3 8 17
3 9 17
3 10 17
3 11 17
3 12 17
3 13 17
3 14 17
3 15 17
3 16 17
3 17 17
3 1 18
3 2 18
3 3 18
3 4 18
3 5 18
3 6 18
3 7 18
3 8 18
3 9 18
3 10 18
3 11 18
3 12 18
3 13 18
3 14 18
3 15 18
3 16 18
3 17 18
3 18 18
3 1 19
3 2 19
3 3 19
3 4 19
3 5 19
3 6 19
3 7 19
3 8 19
3 9 19
3 10 19
3 11 19
3 12 19
3 13 19
3 14 19
3 15 19
3 16 19
3 17 19
3 18 19
3 19 19
3 1 20
3 2 20
3 3 20
3 4 20
3 5 20
3 6 20
3 7 20
3 8 20
3 9 20
3 10 20
3 11 20
3 12 20
3 13 20
3 14 20
3 15 20
3 16 20
3 17 20
3 18 20
3 19 20
3 20 20
3 1 21
3 2 21
3 3 21
3 4 21
3 5 21
3 6 21
3 7 21
3 8 21
3 9 21
3 10 21
3 11 21
3 12 21
3 13 21
3 14 21
3 15 21
3 16 21
3 17 21
3 18 21
3 19 21
3 20 21
3 21 21
3 1 22
3 2 22
3 3 22
3 4 22
3 5 22
3 6 22
3 7 22
3 8 22
3 9 22
3 10 22
3 11 22
3 12 22
3 13 22
3 14 22
3 15 22
3 16 22
3 17 22
3 18 22
3 19 22
3 20 22
3 21 22
3 22 22
3 1 23
3 2 23
3 3 23
3 4 23
3 5 23
3 6 23
3 7 23
3 8 23
3 9 23
3 10 23
3 11 23
3 12 23
3 13 23
3 14 23
3 15 23
3 16 23
3 17 23
3 18 23
3 19 23
3 20 23
3 21 23
3 22 23
3 23 23
3 1 24
3 2 24
3 3 24
3 4 24
3 5 24
3 6 24
3 7 24
3 8 24
3 9 24
3 10 24
3 11 24
3 12 24
3 13 24
3 14 24
3 15 24
3 16 24
3 17 24
3 18 24
3 19 24
3 20 24
3 21 24
3 22 24
3 23 24
3 24 24
3 1 25
3 2 25
3 3 25
3 4 25
3 5 25
3 6 25
3 7 25
3 8 25
3 9 25
3 10 25
3 11 25
3 12 25
3 13 25
3 14 25
3 15 25
3 16 25
3 17 25
3 18 25
3 19 25
3 20 25
3 21 25
3 22 25
3 23 25
3 24 25
3 25 25
3 1 26
3 2 26
3 3 26
3 4 26
3 5 26
3 6 26
3 7 26
3 8 26
3 9 26
3 10 26
3 11 26
3 12 26
3 13 26
3 14 26
3 15 26
3 16 26
3 17 26
3 18 26
3 19 26
3 20 26
3 21 26
3 22 26
3 23 26
3 24 26
3 25 26
3 26 26
3 1 27
3 2 27
3 3 27
3 4 27
3 5 27
3 6 27
3 7 27
3 8 27
3 9 27
3 10 27
3 11 27
3 12 27
3 13 27
3 14 27
3 15 27
3 16 27
3 17 27
3 18 27
3 19 27
3 20 27
3 21 27
3 22 27
3 23 27
3 24 27
3 25 27
3 26 27
3 27 27
3 1 28
3 2 28
3 3 28
3 4 28
3 5 28
3 6 28
3 7 28
3 8 28
3 9 28
3 10 28
3 11 28
3 12 28
3 13 28
3 14 28
3 15 28
3 16 28
3 17 28
3 18 28
3 19 28
3 20 28
3 21 28
3 22 28
3 23 28
3 24 28
3 25 28
3 26 28
3 27 28
3 28 28
3 1 29
3 2 29
3 3 29
3 4 29
3 5 29
3 6 29
3 7 29
3 8 29
3 9 29
3 10 29
3 11 29
3 12 29
3 13 29
3 14 29
3 15 29
3 16 29
3 17 29
3 18 29
3 19 29
3 20 29
3 21 29
3 22 29
3 23 29
3 24 29
3 25 29
3 26 29
3 27 29
3 28 29
3 29 29
3 1 30
3 2 30
3 3 30
3 4 30
3 5 30
3 6 30
3 7 30
3 8 30
3 9 30
3 10 30
3 11 30
3 12 30
3 13 30
3 14 30
3 15 30
3 16 30
3 17 30
3 18 30
3 19 30
3 20 30
3 21 30
3 22 30
3 23 30
3 24 30
3 25 30
3 26 30
3 27 30
3 28 30
3 29 30
3 30 30
3 1 31
3 2 31
3 3 31
3 4 31
3 5 31
3 6 31
3 7 31
3 8 31
3 9 31
3 10 31
3 11 31
3 12 31
3 13 31
3 14 31
3 15 31
3 16 31
3 17 31
3 18 31
3 19 31
3 20 31
3 21 31
3 22 31
3 23 31
3 24 31
3 25 31
3 26 31
3 27 31
3 28 31
3 29 31
3 30 31
3 31 31
3 1 32
3 2 32
3 3 32
3 4 32
3 5 32
3 6 32
3 7 32
3 8 32
3 9 32
3 10 32
3 11 32
3 12 32
3 13 32
3 14 32
3 15 32
3 16 32
3 17 32
3 18 32
3 19 32
3 20 32
3 21 32
3 22 32
3 23 32
3 24 32
3 25 32
3 26 32
3 27 32
3 28 32
3 29 32
3 30 32
3 31 32
3 32 32
3 1 33
3 2 33
3 3 33
3 4 33
3 5 33
3 6 33
3 7 33
3 8 33
3 9 33
3 10 33
3 11 33
3 12 33
3 13 33
3 14 33
3 15 33
3 16 33
3 17 33
3 18 33
3 19 33
3 20 33
3 21 33
3 22 33
3 23 33
3 24 33
3 25 33
3 26 33
3 27 33
3 28 33
3 29 33
3 30 33
3 31 33
3 32 33
3 33 33
3 1 34
3 2 34
3 3 34
3 4 34
3 5 34
3 6 34
3 7 34
3 8 34
3 9 34
3 10 34
3 11 34
3 12 34
3 13 34
3 14 34
3 15 34
3 16 34
3 17 34
3 18 34
3 19 34
3 20 34
3 21 34
3 22 34
3 23 34
3 24 34
3 25 34
3 26 34
3 27 34
3 28 34
3 29 34
3 30 34
3 31 34
3 32 34
3 33 34
3 34 34
3 1 35
3 2 35
3 3 35
3 4 35
3 5 35
3 6 35
3 7 35
3 8 35
3 9 35
3 10 35
3 11 35
3 12 35
3 13 35
3 14 35
3 15 35
3 16 35
3 17 35
3 18 35
3 19 35
3 20 35
3 21 35
3 22 35
3 23 35
3 24 35
3 25 35
3 26 35
3 27 35
3 28 35
3 29 35
3 30 35
3 31 35
3 32 35
3 33 35
3 34 35
3 35 35
3 1 36
3 2 36
3 3 36
3 4 36
3 5 36
3 6 36
3 7 36
3 8 36
3 9 36
3 10 36
3 11 36
3 12 36
3 13 36
3 14 36
3 15 36
3 16 36
3 17 36
3 18 36
3 19 36
3 20 36
3 21 36
3 22 36
3 23 36
3 24 36
3 25 36
3 26 36
3 27 36
3 28 36
3 29 36
3 30 36
3 31 36
3 32 36
3 33 36
3 34 36
3 35 36
3 36 36
3 1 37
3 2 37
3 3 37
3 4 37
3 5 37
3 6 37
3 7 37
3 8 37
3 9 37
3 10 37
3 11 37
3 12 37
3 13 37
3 14 37
3 15 37
3 16 37
3 17 37
3 18 37
3 19 37
3 20 37
3 21 37
3 22 37
3 23 37
3 24 37
3 25 37
3 26 37
3 27 37
3 28 37
3 29 37
3 30 37
3 31 37
3 32 37
3 33 37
3 34 37
3 35 37
3 36 37
3 37 37
3 1 38
3 2 38
3 3 38
3 4 38
3 5 38
3 6 38
3 7 38
3 8 38
3 9 38
3 10 38
3 11 38
3 12 38
3 13 38
3 14 38
3 15 38
3 16 38
3 17 38
3 18 38
3 19 38
3 20 38
3 21 38
3 22 38
3 23 38
3 24 38
3 25 38
3 26 38
3 27 38
3 28 38
3 29 38
3 30 38
3 31 38
3 32 38
3 33 38
3 34 38
3 35 38
3 36 38
3 37 38
3 38 38
3 1 39
3 2 39
3 3 39
3 4 39
3 5 39
3 6 39
3 7 39
3 8 39
3 9 39
3 10 39
3 11 39
3 12 39
3 13 39
3 14 39
3 15 39
3 16 39
3 17 39
3 18 39
3 19 39
3 20 39
3 21 39
3 22 39
3 23 39
3 24 39
3 25 39
3 26 39
3 27 39
3 28 39
3 29 39
3 30 39
3 31 39
3 32 39
3 33 39
3 34 39
3 35 39
3 36 39
3 37 39
3 38 39
3 39 39
3 1 40
3 2 40
3 3 40
3 4 40
3 5 40
3 6 40
3 7 40
3 8 40
3 9 40
3 10 40
3 11 40
3 12 40
3 13 40
3 14 40
3 15 40
3 16 40
3 17 40
3 18 40
3 19 40
3 20 40
3 21 40
3 22 40
3 23 40
3 24 40
3 25 40
3 26 40
3 27 40
3 28 40
3 29 40
3 30 40
3 31 40
3 32 40
3 33 40
3 34 40
3 35 40
3 36 40
3 37 40
3 38 40
3 39 40
3 40 40
3 1 41
3 2 41
3 3 41
3 4 41
3 5 41
3 6 41
3 7 41
3 8 41
3 9 41
3 10 41
3 11 41
3 12 41
3 13 41
3 14 41
3 15 41
3 16 41
3 17 41
3 18 41
3 19 41
3 20 41
3 21 41
3 22 41
3 23 41
3 24 41
3 25 41
3 26 41
3 27 41
3 28 41
3 29 41
3 30 41
3 31 41
3 32 41
3 33 41
3 34 41
3 35 41
3 36 41
3 37 41
3 38 41
3 39 41
3 40 41
3 41 41
3 1 42
3 2 42
3 3 42
3 4 42
3 5 42
3 6 42
3 7 42
3 8 42
3 9 42
3 10 42
3 11 42
3 12 42
3 13 42
3 14 42
3 15 42
3 16 42
3 17 42
3 18 42
3 19 42
3 20 42
3 21 42
3 22 42
3 23 42
3 24 42
3 25 42
3 26 42
3 27 42
3 28 42
3 29 42
3 30 42
3 31 42
3 32 42
3 33 42
3 34 42
3 35 42
3 36 42
3 37 42
3 38 42
3 39 42
3 40 42
3 41 42
3 42 42
3 1 43
3 2 43
3 3 43
3 4 43
3 5 43
3 6 43
3 7 43
3 8 43
3 9 43
3 10 43
3 11 43
3 12 43
3 13 43
3 14 43
3 15 43
3 16 43
3 17 43
3 18 43
3 19 43
3 20 43
3 21 43
3 22 43
3 23 43
3 24 43
3 25 43
3 26 43
3 27 43
3 28 43
3 29 43
3 30 43
3 31 43
3 32 43
3 33 43
3 34 43
3 35 43
3 36 43
3 37 43
3 38 43
3 39 43
3 40 43
3 41 43
3 42 43
3 43 43
3 1 44
3 2 44
3 3 44
3 4 44
3 5 44
3 6 44
3 7 44
3 8 44
3 9 44
3 10 44
3 11 44
3 12 44
3 13 44
3 14 44
3 15 44
3 16 44
3 17 44
3 18 44
3 19 44
3 20 44
3 21 44
3 22 44
3 23 44
3 24 44
3 25 44
3 26 44
3 27 44
3 28 44
3 29 44
3 30 44
3 31 44
3 32 44
3 33 44
3 34 44
3 35 44
3 36 44
3 37 44
3 38 44
3 39 44
3 40 44
3 41 44
3 42 44
3 43 44
3 44 44
3 1 45
3 2 45
3 3 45
3 4 45
3 5 45
3 6 45
3 7 45
3 8 45
3 9 45
3 10 45
3 11 45
3 12 45
3 13 45
3 14 45
3 15 45
3 16 45
3 17 45
3 18 45
3 19 45
3 20 45
3 21 45
3 22 45
3 23 45
3 24 45
3 25 45
3 26 45
3 27 45
3 28 45
3 29 45
3 30 45
3 31 45
3 32 45
3 33 45
3 34 45
3 35 45
3 36 45
3 37 45
3 38 45
3 39 45
3 40 45
3 41 45
3 42 45
3 43 45
3 44 45
3 45 45
3 1 46
3 2 46
3 3 46
3 4 46
3 5 46
3 6 46
3 7 46
3 8 46
3 9 46
3 10 46
3 11 46
3 12 46
3 13 46
3 14 46
3 15 46
3 16 46
3 17 46
3 18 46
3 19 46
3 20 46
3 21 46
3 22 46
3 23 46
3 24 46
3 25 46
3 26 46
3 27 46
3 28 46
3 29 46
3 30 46
3 31 46
3 32 46
3 33 46
3 34 46
3 35 46
3 36 46
3 37 46
3 38 46
3 39 46
3 40 46
3 41 46
3 42 46
3 43 46
3 44 46
3 45 46
3 46 46
3 1 47
3 2 47
3 3 47
3 4 47
3 5 47
3 6 47
3 7 47
3 8 47
3 9 47
3 10 47
3 11 47
3 12 47
3 13 47
3 14 47
3 15 47
3 16 47
3 17 47
3 18 47
3 19 47
3 20 47
3 21 47
3 22 47
3 23 47
3 24 47
3 25 47
3 26 47
3 27 47
3 28 47
3 29 47
3 30 47
3 31 47
3 32 47
3 33 47
3 34 47
3 35 47
3 36 47
3 37 47
3 38 47
3 39 47
3 40 47
3 41 47
3 42 47
3 43 47
3 44 47
3 45 47
3 46 47
3 47 47
3 1 48
3 2 48
3 3 48
3 4 48
3 5 48
3 6 48
3 7 48
3 8 48
3 9 48
3 10 48
3 11 48
3 12 48
3 13 48
3 14 48
3 15 48
3 16 48
3 17 48
3 18 48
3 19 48
3 20 48
3 21 48
3 22 48
3 23 48
3 24 48
3 25 48
3 26 48
3 27 48
3 28 48
3 29 48
3 30 48
3 31 48
3 32 48
3 33 48
3 34 48
3 35 48
3 36 48
3 37 48
3 38 48
3 39 48
3 40 48
3 41 48
3 42 48
3 43 48
3 44 48
3 45 48
3 46 48
3 47 48
3 48 48
3 1 49
3 2 49
3 3 49
3 4 49
3 5 49
3 6 49
3 7 49
3 8 49
3 9 49
3 10 49
3 11 49
3 12 49
3 13 49
3 14 49
3 15 49
3 16 49
3 17 49
3 18 49
3 19 49
3 20 49
3 21 49
3 22 49
3 23 49
3 24 49
3 25 49
3 26 49
3 27 49
3 28 49
3 29 49
3 30 49
3 31 49
3 32 49
3 33 49
3 34 49
3 35 49
3 36 49
3 37 49
3 38 49
3 39 49
3 40 49
3 41 49
3 42 49
3 43 49
3 44 49
3 45 49
3 46 49
3 47 49
3 48 49
3 49 49
3 1 50
3 2 50
3 3 50
3 4 50
3 5 50
3 6 50
3 7 50
3 8 50
3 9 50
3 10 50
3 11 50
3 12 50
3 13 50
3 14 50
3 15 50
3 16 50
3 17 50
3 18 50
3 19 50
3 20 50
3 21 50
3 22 50
3 23 50
3 24 50
3 25 50
3 26 50
3 27 50
3 28 50
3 29 50
3 30 50
3 31 50
3 32 50
3 33 50
3 34 50
3 35 50
3 36 50
3 37 50
3 38 50
3 39 50
3 40 50
3 41 50
3 42 50
3 43 50
3 44 50
3 45 50
3 46 50
3 47 50
3 48 50
3 49 50
3 50 50
3 1 51
3 2 51
3 3 51
3 4 51
3 5 51
3 6 51
3 7 51
3 8 51
3 9 51
3 10 51
3 11 51
3 12 51
3 13 51
3 14 51
3 15 51
3 16 51
3 17 51
3 18 51
3 19 51
3 20 51
3 21 51
3 22 51
3 23 51
3 24 51
3 25 51
3 26 51
3 27 51
3 28 51
3 29 51
3 30 51
3 31 51
3 32 51
3 33 51
3 34 51
3 35 51
3 36 51
3 37 51
3 38 51
3 39 51
3 40 51
3 41 51
3 42 51
3 43 51
3 44 51
3 45 51
3 46 51
3 47 51
3 48 51
3 49 51
3 50 51
3 51 51
3 1 52
3 2 52
3 3 52
3 4 52
3 5 52
3 6 52
3 7 52
3 8 52
3 9 52
3 10 52
3 11 52
3 12 52
3 13 52
3 14 52
3 15 52
3 16 52
3 17 52
3 18 52
3 19 52
3 20 52
3 21 52
3 22 52
3 23 52
3 24 52
3 25 52
3 26 52
3 27 52
3 28 52
3 29 52
3 30 52
3 31 52
3 32 52
3 33 52
3 34 52
3 35 52
3 36 52
3 37 52
3 38 52
3 39 52
3 40 52
3 41 52
3 42 52
3 43 52
3 44 52
3 45 52
3 46 52
3 47 52
3 48 52
3 49 52
3 50 52
3 51 52
3 52 52
3 1 53
3 2 53
3 3 53
3 4 53
3 5 53
3 6 53
3 7 53
3 8 53
3 9 53
3 10 53
3 11 53
3 12 53
3 13 53
3 14 53
3 15 53
3 16 53
3 17 53
3 18 53
3 19 53
3 20 53
3 21 53
3 22 53
3 23 53
3 24 53
3 25 53
3 26 53
3 27 53
3 28 53
3 29 53
3 30 53
3 31 53
3 32 53
3 33 53
3 34 53
3 35 53
3 36 53
3 37 53
3 38 53
3 39 53
3 40 53
3 41 53
3 42 53
3 43 53
3 44 53
3 45 53
3 46 53
3 47 53
3 48 53
3 49 53
3 50 53
3 51 53
3 52 53
3 53 53
3 1 54
3 2 54
3 3 54
3 4 54
3 5 54
3 6 54
3 7 54
3 8 54
3 9 54
3 10 54
3 11 54
3 12 54
3 13 54
3 14 54
3 15 54
3 16 54
3 17 54
3 18 54
3 19 54
3 20 54
3 21 54
3 22 54
3 23 54
3 24 54
3 25 54
3 26 54
3 27 54
3 28 54
3 29 54
3 30 54
3 31 54
3 32 54
3 33 54
3 34 54
3 35 54
3 36 54
3 37 54
3 38 54
3 39 54
3 40 54
3 41 54
3 42 54
3 43 54
3 44 54
3 45 54
3 46 54
3 47 54
3 48 54
3 49 54
3 50 54
3 51 54
3 52 54
3 53 54
3 54 54
3 1 55
3 2 55
3 3 55
3 4 55
3 5 55
3 6 55
3 7 55
3 8 55
3 9 55
3 10 55
3 11 55
3 12 55
3 13 55
3 14 55
3 15 55
3 16 55
3 17 55
3 18 55
3 19 55
3 20 55
3 21 55
3 22 55
3 23 55
3 24 55
3 25 55
3 26 55
3 27 55
3 28 55
3 29 55
3 30 55
3 31 55
3 32 55
3 33 55
3 34 55
3 35 55
3 36 55
3 37 55
3 38 55
3 39 55
3 40 55
3 41 55
3 42 55
3 43 55
3 44 55
3 45 55
3 46 55
3 47 55
3 48 55
3 49 55
3 50 55
3 51 55
3 52 55
3 53 55
3 54 55
3 55 55
3 1 56
3 2 56
3 3 56
3 4 56
3 5 56
3 6 56
3 7 56
3 8 56
3 9 56
3 10 56
3 11 56
3 12 56
3 13 56
3 14 56
3 15 56
3 16 56
3 17 56
3 18 56
3 19 56
3 20 56
3 21 56
3 22 56
3 23 56
3 24 56
3 25 56
3 26 56
3 27 56
3 28 56
3 29 56
3 30 56
3 31 56
3 32 56
3 33 56
3 34 56
3 35 56
3 36 56
3 37 56
3 38 56
3 39 56
3 40 56
3 41 56
3 42 56
3 43 56
3 44 56
3 45 56
3 46 56
3 47 56
3 48 56
3 49 56
3 50 56
3 51 56
3 52 56
3 53 56
3 54 56
3 55 56
3 56 56
3 1 57
3 2 57
3 3 57
3 4 57
3 5 57
3 6 57
3 7 57
3 8 57
3 9 57
3 10 57
3 11 57
3 12 57
3 13 57
3 14 57
3 15 57
3 16 57
3 17 57
3 18 57
3 19 57
3 20 57
3 21 57
3 22 57
3 23 57
3 24 57
3 25 57
3 26 57
3 27 57
3 28 57
3 29 57
3 30 57
3 31 57
3 32 57
3 33 57
3 34 57
3 35 57
3 36 57
3 37 57
3 38 57
3 39 57
3 40 57
3 41 57
3 42 57
3 43 57
3 44 57
3 45 57
3 46 57
3 47 57
3 48 57
3 49 57
3 50 57
3 51 57
3 52 57
3 53 57
3 54 57
3 55 57
3 56 57
3 57 57
3 1 58
3 2 58
3 3 58
3 4 58
3 5 58
3 6 58
3 7 58
3 8 58
3 9 58
3 10 58
3 11 58
3 12 58
3 13 58
3 14 58
3 15 58
3 16 58
3 17 58
3 18 58
3 19 58
3 20 58
3 21 58
3 22 58
3 23 58
3 24 58
3 25 58
3 26 58
3 27 58
3 28 58
3 29 58
3 30 58
3 31 58
3 32 58
3 33 58
3 34 58
3 35 58
3 36 58
3 37 58
3 38 58
3 39 58
3 40 58
3 41 58
3 42 58
3 43 58
3 44 58
3 45 58
3 46 58
3 47 58
3 48 58
3 49 58
3 50 58
3 51 58
3 52 58
3 53 58
3 54 58
3 55 58
3 56 58
3 57 58
3 58 58
3 1 59
3 2 59
3 3 59
3 4 59
3 5 59
3 6 59
3 7 59
3 8 59
3 9 59
3 10 59
3 11 59
3 12 59
3 13 59
3 14 59
3 15 59
3 16 59
3 17 59
3 18 59
3 19 59
3 20 59
3 21 59
3 22 59
3 23 59
3 24 59
3 25 59
3 26 59
3 27 59
3 28 59
3 29 59
3 30 59
3 31 59
3 32 59
3 33 59
3 34 59
3 35 59
3 36 59
3 37 59
3 38 59
3 39 59
3 40 59
3 41 59
3 42 59
3 43 59
3 44 59
3 45 59
3 46 59
3 47 59
3 48 59
3 49 59
3 50 59
3 51 59
3 52 59
3 53 59
3 54 59
3 55 59
3 56 59
3 57 59
3 58 59
3 59 59
3 1 60
3 2 60
3 3 60
3 4 60
3 5 60
3 6 60
3 7 60
3 8 60
3 9 60
3 10 60
3 11 60
3 12 60
3 13 60
3 14 60
3 15 60
3 16 60
3 17 60
3 18 60
3 19 60
3 20 60
3 21 60
3 22 60
3 23 60
3 24 60
3 25 60
3 26 60
3 27 60
3 28 60
3 29 60
3 30 60
3 31 60
3 32 60
3 33 60
3 34 60
3 35 60
3 36 60
3 37 60
3 38 60
3 39 60
3 40 60
3 41 60
3 42 60
3 43 60
3 44 60
3 45 60
3 46 60
3 47 60
3 48 60
3 49 60
3 50 60
3 51 60
3 52 60
3 53 60
3 54 60
3 55 60
3 56 60
3 57 60
3 58 60
3 59 60
3 60 60
3 1 61
3 2 61
3 3 61
3 4 61
3 5 61
3 6 61
3 7 61
3 8 61
3 9 61
3 10 61
3 11 61
3 12 61
3 13 61
3 14 61
3 15 61
3 16 61
3 17 61
3 18 61
3 19 61
3 20 61
3 21 61
3 22 61
3 23 61
3 24 61
3 25 61
3 26 61
3 27 61
3 28 61
3 29 61
3 30 61
3 31 61
3 32 61
3 33 61
3 34 61
3 35 61
3 36 61
3 37 61
3 38 61
3 39 61
3 40 61
3 41 61
3 42 61
3 43 61
3 44 61
3 45 61
3 46 61
3 47 61
3 48 61
3 49 61
3 50 61
3 51 61
3 52 61
3 53 61
3 54 61
3 55 61
3 56 61
3 57 61
3 58 61
3 59 61
3 60 61
3 61 61
3 1 62
3 2 62
3 3 62
3 4 62
3 5 62
3 6 62
3 7 62
3 8 62
3 9 62
3 10 62
3 11 62
3 12 62
3 13 62
3 14 62
3 15 62
3 16 62
3 17 62
3 18 62
3 19 62
3 20 62
3 21 62
3 22 62
3 23 62
3 24 62
3 25 62
3 26 62
3 27 62
3 28 62
3 29 62
3 30 62
3 31 62
3 32 62
3 33 62
3 34 62
3 35 62
3 36 62
3 37 62
3 38 62
3 39 62
3 40 62
3 41 62
3 42 62
3 43 62
3 44 62
3 45 62
3 46 62
3 47 62
3 48 62
3 49 62
3 50 62
3 51 62
3 52 62
3 53 62
3 54 62
3 55 62
3 56 62
3 57 62
3 58 62
3 59 62
3 60 62
3 61 62
3 62 62
3 1 63
3 2 63
3 3 63
3 4 63
3 5 63
3 6 63
3 7 63
3 8 63
3 9 63
3 10 63
3 11 63
3 12 63
3 13 63
3 14 63
3 15 63
3 16 63
3 17 63
3 18 63
3 19 63
3 20 63
3 21 63
3 22 63
3 23 63
3 24 63
3 25 63
3 26 63
3 27 63
3 28 63
3 29 63
3 30 63
3 31 63
3 32 63
3 33 63
3 34 63
3 35 63
3 36 63
3 37 63
3 38 63
3 39 63
3 40 63
3 41 63
3 42 63
3 43 63
3 44 63
3 45 63
3 46 63
3 47 63
3 48 63
3 49 63
3 50 63
3 51 63
3 52 63
3 53 63
3 54 63
3 55 63
3 56 63
3 57 63
3 58 63
3 59 63
3 60 63
3 61 63
3 62 63
3 63 63
3 1 64
3 2 64
3 3 64
3 4 64
3 5 64
3 6 64
3 7 64
3 8 64
3 9 64
3 10 64
3 11 64
3 12 64
3 13 64
3 14 64
3 15 64
3 16 64
3 17 64
3 18 64
3 19 64
3 20 64
3 21 64
3 22 64
3 23 64
3 24 64
3 25 64
3 26 64
3 27 64
3 28 64
3 29 64
3 30 64
3 31 64
3 32 64
3 33 64
3 34 64
3 35 64
3 36 64
3 37 64
3 38 64
3 39 64
3 40 64
3 41 64
3 42 64
3 43 64
3 44 64
3 45 64
3 46 64
3 47 64
3 48 64
3 49 64
3 50 64
3 51 64
3 52 64
3 53 64
3 54 64
3 55 64
3 56 64
3 57 64
3 58 64
3 59 64
3 60 64
3 61 64
3 62 64
3 63 64
3 64 64
3 1 65
3 2 65
3 3 65
3 4 65
3 5 65
3 6 65
3 7 65
3 8 65
3 9 65
3 10 65
3 11 65
3 12 65
3 13 65
3 14 65
3 15 65
3 16 65
3 17 65
3 18 65
3 19 65
3 20 65
3 21 65
3 22 65
3 23 65
3 24 65
3 25 65
3 26 65
3 27 65
3 28 65
3 29 65
3 30 65
3 31 65
3 32 65
3 33 65
3 34 65
3 35 65
3 36 65
3 37 65
3 38 65
3 39 65
3 40 65
3 41 65
3 42 65
3 43 65
3 44 65
3 45 65
3 46 65
3 47 65
3 48 65
3 49 65
3 50 65
3 51 65
3 52 65
3 53 65
3 54 65
3 55 65
3 56 65
3 57 65
3 58 65
3 59 65
3 60 65
3 61 65
3 62 65
3 63 65
3 64 65
3 65 65
3 1 66
3 2 66
3 3 66
3 4 66
3 5 66
3 6 66
3 7 66
3 8 66
3 9 66
3 10 66
3 11 66
3 12 66
3 13 66
3 14 66
3 15 66
3 16 66
3 17 66
3 18 66
3 19 66
3 20 66
3 21 66
3 22 66
3 23 66
3 24 66
3 25 66
3 26 66
3 27 66
3 28 66
3 29 66
3 30 66
3 31 66
3 32 66
3 33 66
3 34 66
3 35 66
3 36 66
3 37 66
3 38 66
3 39 66
3 40 66
3 41 66
3 42 66
3 43 66
3 44 66
3 45 66
3 46 66
3 47 66
3 48 66
3 49 66
3 50 66
3 51 66
3 52 66
3 53 66
3 54 66
3 55 66
3 56 66
3 57 66
3 58 66
3 59 66
3 60 66
3 61 66
3 62 66
3 63 66
3 64 66
3 65 66
3 66 66
3 1 67
3 2 67
3 3 67
3 4 67
3 5 67
3 6 67
3 7 67
3 8 67
3 9 67
3 10 67
3 11 67
3 12 67
3 13 67
3 14 67
3 15 67
3 16 67
3 17 67
3 18 67
3 19 67
3 20 67
3 21 67
3 22 67
3 23 67
3 24 67
3 25 67
3 26 67
3 27 67
3 28 67
3 29 67
3 30 67
3 31 67
3 32 67
3 33 67
3 34 67
3 35 67
3 36 67
3 37 67
3 38 67
3 39 67
3 40 67
3 41 67
3 42 67
3 43 67
3 44 67
3 45 67
3 46 67
3 47 67
3 48 67
3 49 67
3 50 67
3 51 67
3 52 67
3 53 67
3 54 67
3 55 67
3 56 67
3 57 67
3 58 67
3 59 67
3 60 67
3 61 67
3 62 67
3 63 67
3 64 67
3 65 67
3 66 67
3 67 67
3 1 68
3 2 68
3 3 68
3 4 68
3 5 68
3 6 68
3 7 68
3 8 68
3 9 68
3 10 68
3 11 68
3 12 68
3 13 68
3 14 68
3 15 68
3 16 68
3 17 68
3 18 68
3 19 68
3 20 68
3 21 68
3 22 68
3 23 68
3 24 68
3 25 68
3 26 68
3 27 68
3 28 68
3 29 68
3 30 68
3 31 68
3 32 68
3 33 68
3 34 68
3 35 68
3 36 68
3 37 68
3 38 68
3 39 68
3 40 68
3 41 68
3 42 68
3 43 68
3 44 68
3 45 68
3 46 68
3 47 68
3 48 68
3 49 68
3 50 68
3 51 68
3 52 68
3 53 68
3 54 68
3 55 68
3 56 68
3 57 68
3 58 68
3 59 68
3 60 68
3 61 68
3 62 68
3 63 68
3 64 68
3 65 68
3 66 68
3 67 68
3 68 68
3 1 69
3 2 69
3 3 69
3 4 69
3 5 69
3 6 69
3 7 69
3 8 69
3 9 69
3 10 69
3 11 69
3 12 69
3 13 69
3 14 69
3 15 69
3 16 69
3 17 69
3 18 69
3 19 69
3 20 69
3 21 69
3 22 69
3 23 69
3 24 69
3 25 69
3 26 69
3 27 69
3 28 69
3 29 69
3 30 69
3 31 69
3 32 69
3 33 69
3 34 69
3 35 69
3 36 69
3 37 69
3 38 69
3 39 69
3 40 69
3 41 69
3 42 69
3 43 69
3 44 69
3 45 69
3 46 69
3 47 69
3 48 69
3 49 69
3 50 69
3 51 69
3 52 69
3 53 69
3 54 69
3 55 69
3 56 69
3 57 69
3 58 69
3 59 69
3 60 69
3 61 69
3 62 69
3 63 69
3 64 69
3 65 69
3 66 69
3 67 69
3 68 69
3 69 69
3 1 70
3 2 70
3 3 70
3 4 70
3 5 70
3 6 70
3 7 70
3 8 70
3 9 70
3 10 70
3 11 70
3 12 70
3 13 70
3 14 70
3 15 70
3 16 70
3 17 70
3 18 70
3 19 70
3 20 70
3 21 70
3 22 70
3 23 70
3 24 70
3 25 70
3 26 70
3 27 70
3 28 70
3 29 70
3 30 70
3 31 70
3 32 70
3 33 70
3 34 70
3 35 70
3 36 70
3 37 70
3 38 70
3 39 70
3 40 70
3 41 70
3 42 70
3 43 70
3 44 70
3 45 70
3 46 70
3 47 70
3 48 70
3 49 70
3 50 70
3 51 70
3 52 70
3 53 70
3 54 70
3 55 70
3 56 70
3 57 70
3 58 70
3 59 70
3 60 70
3 61 70
3 62 70
3 63 70
3 64 70
3 65 70
3 66 70
3 67 70
3 68 70
3 69 70
3 70 70
3 1 71
3 2 71
3 3 71
3 4 71
3 5 71
3 6 71
3 7 71
3 8 71
3 9 71
3 10 71
3 11 71
3 12 71
3 13 71
3 14 71
3 15 71
3 16 71
3 17 71
3 18 71
3 19 71
3 20 71
3 21 71
3 22 71
3 23 71
3 24 71
3 25 71
3 26 71
3 27 71
3 28 71
3 29 71
3 30 71
3 31 71
3 32 71
3 33 71
3 34 71
3 35 71
3 36 71
3 37 71
3 38 71
3 39 71
3 40 71
3 41 71
3 42 71
3 43 71
3 44 71
3 45 71
3 46 71
3 47 71
3 48 71
3 49 71
3 50 71
3 51 71
3 52 71
3 53 71
3 54 71
3 55 71
3 56 71
3 57 71
3 58 71
3 59 71
3 60 71
3 61 71
3 62 71
3 63 71
3 64 71
3 65 71
3 66 71
3 67 71
3 68 71
3 69 71
3 70 71
3 71 71
3 1 72
3 2 72
3 3 72
3 4 72
3 5 72
3 6 72
3 7 72
3 8 72
3 9 72
3 10 72
3 11 72
3 12 72
3 13 72
3 14 72
3 15 72
3 16 72
3 17 72
3 18 72
3 19 72
3 20 72
3 21 72
3 22 72
3 23 72
3 24 72
3 25 72
3 26 72
3 27 72
3 28 72
3 29 72
3 30 72
3 31 72
3 32 72
3 33 72
3 34 72
3 35 72
3 36 72
3 37 72
3 38 72
3 39 72
3 40 72
3 41 72
3 42 72
3 43 72
3 44 72
3 45 72
3 46 72
3 47 72
3 48 72
3 49 72
3 50 72
3 51 72
3 52 72
3 53 72
3 54 72
3 55 72
3 56 72
3 57 72
3 58 72
3 59 72
3 60 72
3 61 72
3 62 72
3 63 72
3 64 72
3 65 72
3 66 72
3 67 72
3 68 72
3 69 72
3 70 72
3 71 72
3 72 72
3 1 73
3 2 73
3 3 73
3 4 73
3 5 73
3 6 73
3 7 73
3 8 73
3 9 73
3 10 73
3 11 73
3 12 73
3 13 73
3 14 73
3 15 73
3 16 73
3 17 73
3 18 73
3 19 73
3 20 73
3 21 73
3 22 73
3 23 73
3 24 73
3 25 73
3 26 73
3 27 73
3 28 73
3 29 73
3 30 73
3 31 73
3 32 73
3 33 73
3 34 73
3 35 73
3 36 73
3 37 73
3 38 73
3 39 73
3 40 73
3 41 73
3 42 73
3 43 73
3 44 73
3 45 73
3 46 73
3 47 73
3 48 73
3 49 73
3 50 73
3 51 73
3 52 73
3 53 73
3 54 73
3 55 73
3 56 73
3 57 73
3 58 73
3 59 73
3 60 73
3 61 73
3 62 73
3 63 73
3 64 73
3 65 73
3 66 73
3 67 73
3 68 73
3 69 73
3 70 73
3 71 73
3 72 73
3 73 73
3 1 74
3 2 74
3 3 74
3 4 74
3 5 74
3 6 74
3 7 74
3 8 74
3 9 74
3 10 74
3 11 74
3 12 74
3 13 74
3 14 74
3 15 74
3 16 74
3 17 74
3 18 74
3 19 74
3 20 74
3 21 74
3 22 74
3 23 74
3 24 74
3 25 74
3 26 74
3 27 74
3 28 74
3 29 74
3 30 74
3 31 74
3 32 74
3 33 74
3 34 74
3 35 74
3 36 74
3 37 74
3 38 74
3 39 74
3 40 74
3 41 74
3 42 74
3 43 74
3 44 74
3 45 74
3 46 74
3 47 74
3 48 74
3 49 74
3 50 74
3 51 74
3 52 74
3 53 74
3 54 74
3 55 74
3 56 74
3 57 74
3 58 74
3 59 74
3 60 74
3 61 74
3 62 74
3 63 74
3 64 74
3 65 74
3 66 74
3 67 74
3 68 74
3 69 74
3 70 74
3 71 74
3 72 74
3 73 74
3 74 74
3 1 75
3 2 75
3 3 75
3 4 75
3 5 75
3 6 75
3 7 75
3 8 75
3 9 75
3 10 75
3 11 75
3 12 75
3 13 75
3 14 75
3 15 75
3 16 75
3 17 75
3 18 75
3 19 75
3 20 75
3 21 75
3 22 75
3 23 75
3 24 75
3 25 75
3 26 75
3 27 75
3 28 75
3 29 75
3 30 75
3 31 75
3 32 75
3 33 75
3 34 75
3 35 75
3 36 75
3 37 75
3 38 75
3 39 75
3 40 75
3 41 75
3 42 75
3 43 75
3 44 75
3 45 75
3 46 75
3 47 75
3 48 75
3 49 75
3 50 75
3 51 75
3 52 75
3 53 75
3 54 75
3 55 75
3 56 75
3 57 75
3 58 75
3 59 75
3 60 75
3 61 75
3 62 75
3 63 75
3 64 75
3 65 75
3 66 75
3 67 75
3 68 75
3 69 75
3 70 75
3 71 75
3 72 75
3 73 75
3 74 75
3 75 75
3 1 76
3 2 76
3 3 76
3 4 76
3 5 76
3 6 76
3 7 76
3 8 76
3 9 76
3 10 76
3 11 76
3 12 76
3 13 76
3 14 76
3 15 76
3 16 76
3 17 76
3 18 76
3 19 76
3 20 76
3 21 76
3 22 76
3 23 76
3 24 76
3 25 76
3 26 76
3 27 76
3 28 76
3 29 76
3 30 76
3 31 76
3 32 76
3 33 76
3 34 76
3 35 76
3 36 76
3 37 76
3 38 76
3 39 76
3 40 76
3 41 76
3 42 76
3 43 76
3 44 76
3 45 76
3 46 76
3 47 76
3 48 76
3 49 76
3 50 76
3 51 76
3 52 76
3 53 76
3 54 76
3 55 76
3 56 76
3 57 76
3 58 76
3 59 76
3 60 76
3 61 76
3 62 76
3 63 76
3 64 76
3 65 76
3 66 76
3 67 76
3 68 76
3 69 76
3 70 76
3 71 76
3 72 76
3 73 76
3 74 76
3 75 76
3 76 76
3 1 77
3 2 77
3 3 77
3 4 77
3 5 77
3 6 77
3 7 77
3 8 77
3 9 77
3 10 77
3 11 77
3 12 77
3 13 77
3 14 77
3 15 77
3 16 77
3 17 77
3 18 77
3 19 77
3 20 77
3 21 77
3 22 77
3 23 77
3 24 77
3 25 77
3 26 77
3 27 77
3 28 77
3 29 77
3 30 77
3 31 77
3 32 77
3 33 77
3 34 77
3 35 77
3 36 77
3 37 77
3 38 77
3 39 77
3 40 77
3 41 77
3 42 77
3 43 77
3 44 77
3 45 77
3 46 77
3 47 77
3 48 77
3 49 77
3 50 77
3 51 77
3 52 77
3 53 77
3 54 77
3 55 77
3 56 77
3 57 77
3 58 77
3 59 77
3 60 77
3 61 77
3 62 77
3 63 77
3 64 77
3 65 77
3 66 77
3 67 77
3 68 77
3 69 77
3 70 77
3 71 77
3 72 77
3 73 77
3 74 77
3 75 77
3 76 77
3 77 77
3 1 78
3 2 78
3 3 78
3 4 78
3 5 78
3 6 78
3 7 78
3 8 78
3 9 78
3 10 78
3 11 78
3 12 78
3 13 78
3 14 78
3 15 78
3 16 78
3 17 78
3 18 78
3 19 78
3 20 78
3 21 78
3 22 78
3 23 78
3 24 78
3 25 78
3 26 78
3 27 78
3 28 78
3 29 78
3 30 78
3 31 78
3 32 78
3 33 78
3 34 78
3 35 78
3 36 78
3 37 78
3 38 78
3 39 78
3 40 78
3 41 78
3 42 78
3 43 78
3 44 78
3 45 78
3 46 78
3 47 78
3 48 78
3 49 78
3 50 78
3 51 78
3 52 78
3 53 78
3 54 78
3 55 78
3 56 78
3 57 78
3 58 78
3 59 78
3 60 78
3 61 78
3 62 78
3 63 78
3 64 78
3 65 78
3 66 78
3 67 78
3 68 78
3 69 78
3 70 78
3 71 78
3 72 78
3 73 78
3 74 78
3 75 78
3 76 78
3 77 78
3 78 78
3 1 79
3 2 79
3 3 79
3 4 79
3 5 79
3 6 79
3 7 79
3 8 79
3 9 79
3 10 79
3 11 79
3 12 79
3 13 79
3 14 79
3 15 79
3 16 79
3 17 79
3 18 79
3 19 79
3 20 79
3 21 79
3 22 79
3 23 79
3 24 79
3 25 79
3 26 79
3 27 79
3 28 79
3 29 79
3 30 79
3 31 79
3 32 79
3 33 79
3 34 79
3 35 79
3 36 79
3 37 79
3 38 79
3 39 79
3 40 79
3 41 79
3 42 79
3 43 79
3 44 79
3 45 79
3 46 79
3 47 79
3 48 79
3 49 79
3 50 79
3 51 79
3 52 79
3 53 79
3 54 79
3 55 79
3 56 79
3 57 79
3 58 79
3 59 79
3 60 79
3 61 79
3 62 79
3 63 79
3 64 79
3 65 79
3 66 79
3 67 79
3 68 79
3 69 79
3 70 79
3 71 79
3 72 79
3 73 79
3 74 79
3 75 79
3 76 79
3 77 79
3 78 79
3 79 79
3 1 80
3 2 80
3 3 80
3 4 80
3 5 80
3 6 80
3 7 80
3 8 80
3 9 80
3 10 80
3 11 80
3 12 80
3 13 80
3 14 80
3 15 80
3 16 80
3 17 80
3 18 80
3 19 80
3 20 80
3 21 80
3 22 80
3 23 80
3 24 80
3 25 80
3 26 80
3 27 80
3 28 80
3 29 80
3 30 80
3 31 80
3 32 80
3 33 80
3 34 80
3 35 80
3 36 80
3 37 80
3 38 80
3 39 80
3 40 80
3 41 80
3 42 80
3 43 80
3 44 80
3 45 80
3 46 80
3 47 80
3 48 80
3 49 80
3 50 80
3 51 80
3 52 80
3 53 80
3 54 80
3 55 80
3 56 80
3 57 80
3 58 80
3 59 80
3 60 80
3 61 80
3 62 80
3 63 80
3 64 80
3 65 80
3 66 80
3 67 80
3 68 80
3 69 80
3 70 80
3 71 80
3 72 80
3 73 80
3 74 80
3 75 80
3 76 80
3 77 80
3 78 80
3 79 80
3 80 80
3 1 81
3 2 81
3 3 81
3 4 81
3 5 81
3 6 81
3 7 81
3 8 81
3 9 81
3 10 81
3 11 81
3 12 81
3 13 81
3 14 81
3 15 81
3 16 81
3 17 81
3 18 81
3 19 81
3 20 81
3 21 81
3 22 81
3 23 81
3 24 81
3 25 81
3 26 81
3 27 81
3 28 81
3 29 81
3 30 81
3 31 81
3 32 81
3 33 81
3 34 81
3 35 81
3 36 81
3 37 81
3 38 81
3 39 81
3 40 81
3 41 81
3 42 81
3 43 81
3 44 81
3 45 81
3 46 81
3 47 81
3 48 81
3 49 81
3 50 81
3 51 81
3 52 81
3 53 81
3 54 81
3 55 81
3 56 81
3 57 81
3 58 81
3 59 81
3 60 81
3 61 81
3 62 81
3 63 81
3 64 81
3 65 81
3 66 81
3 67 81
3 68 81
3 69 81
3 70 81
3 71 81
3 72 81
3 73 81
3 74 81
3 75 81
3 76 81
3 77 81
3 78 81
3 79 81
3 80 81
3 81 81
3 1 82
3 2 82
3 3 82
3 4 82
3 5 82
3 6 82
3 7 82
3 8 82
3 9 82
3 10 82
3 11 82
3 12 82
3 13 82
3 14 82
3 15 82
3 16 82
3 17 82
3 18 82
3 19 82
3 20 82
3 21 82
3 22 82
3 23 82
3 24 82
3 25 82
3 26 82
3 27 82
3 28 82
3 29 82
3 30 82
3 31 82
3 32 82
3 33 82
3 34 82
3 35 82
3 36 82
3 37 82
3 38 82
3 39 82
3 40 82
3 41 82
3 42 82
3 43 82
3 44 82
3 45 82
3 46 82
3 47 82
3 48 82
3 49 82
3 50 82
3 51 82
3 52 82
3 53 82
3 54 82
3 55 82
3 56 82
3 57 82
3 58 82
3 59 82
3 60 82
3 61 82
3 62 82
3 63 82
3 64 82
3 65 82
3 66 82
3 67 82
3 68 82
3 69 82
3 70 82
3 71 82
3 72 82
3 73 82
3 74 82
3 75 82
3 76 82
3 77 82
3 78 82
3 79 82
3 80 82
3 81 82
3 82 82
3 1 83
3 2 83
3 3 83
3 4 83
3 5 83
3 6 83
3 7 83
3 8 83
3 9 83
3 10 83
3 11 83
3 12 83
3 13 83
3 14 83
3 15 83
3 16 83
3 17 83
3 18 83
3 19 83
3 20 83
3 21 83
3 22 83
3 23 83
3 24 83
3 25 83
3 26 83
3 27 83
3 28 83
3 29 83
3 30 83
3 31 83
3 32 83
3 33 83
3 34 83
3 35 83
3 36 83
3 37 83
3 38 83
3 39 83
3 40 83
3 41 83
3 42 83
3 43 83
3 44 83
3 45 83
3 46 83
3 47 83
3 48 83
3 49 83
3 50 83
3 51 83
3 52 83
3 53 83
3 54 83
3 55 83
3 56 83
3 57 83
3 58 83
3 59 83
3 60 83
3 61 83
3 62 83
3 63 83
3 64 83
3 65 83
3 66 83
3 67 83
3 68 83
3 69 83
3 70 83
3 71 83
3 72 83
3 73 83
3 74 83
3 75 83
3 76 83
3 77 83
3 78 83
3 79 83
3 80 83
3 81 83
3 82 83
3 83 83
3 1 84
3 2 84
3 3 84
3 4 84
3 5 84
3 6 84
3 7 84
3 8 84
3 9 84
3 10 84
3 11 84
3 12 84
3 13 84
3 14 84
3 15 84
3 16 84
3 17 84
3 18 84
3 19 84
3 20 84
3 21 84
3 22 84
3 23 84
3 24 84
3 25 84
3 26 84
3 27 84
3 28 84
3 29 84
3 30 84
3 31 84
3 32 84
3 33 84
3 34 84
3 35 84
3 36 84
3 37 84
3 38 84
3 39 84
3 40 84
3 41 84
3 42 84
3 43 84
3 44 84
3 45 84
3 46 84
3 47 84
3 48 84
3 49 84
3 50 84
3 51 84
3 52 84
3 53 84
3 54 84
3 55 84
3 56 84
3 57 84
3 58 84
3 59 84
3 60 84
3 61 84
3 62 84
3 63 84
3 64 84
3 65 84
3 66 84
3 67 84
3 68 84
3 69 84
3 70 84
3 71 84
3 72 84
3 73 84
3 74 84
3 75 84
3 76 84
3 77 84
3 78 84
3 79 84
3 80 84
3 81 84
3 82 84
3 83 84
3 84 84
3 1 85
3 2 85
3 3 85
3 4 85
3 5 85
3 6 85
3 7 85
3 8 85
3 9 85
3 10 85
3 11 85
3 12 85
3 13 85
3 14 85
3 15 85
3 16 85
3 17 85
3 18 85
3 19 85
3 20 85
3 21 85
3 22 85
3 23 85
3 24 85
3 25 85
3 26 85
3 27 85
3 28 85
3 29 85
3 30 85
3 31 85
3 32 85
3 33 85
3 34 85
3 35 85
3 36 85
3 37 85
3 38 85
3 39 85
3 40 85
3 41 85
3 42 85
3 43 85
3 44 85
3 45 85
3 46 85
3 47 85
3 48 85
3 49 85
3 50 85
3 51 85
3 52 85
3 53 85
3 54 85
3 55 85
3 56 85
3 57 85
3 58 85
3 59 85
3 60 85
3 61 85
3 62 85
3 63 85
3 64 85
3 65 85
3 66 85
3 67 85
3 68 85
3 69 85
3 70 85
3 71 85
3 72 85
3 73 85
3 74 85
3 75 85
3 76 85
3 77 85
3 78 85
3 79 85
3 80 85
3 81 85
3 82 85
3 83 85
3 84 85
3 85 85
3 1 86
3 2 86
3 3 86
3 4 86
3 5 86
3 6 86
3 7 86
3 8 86
3 9 86
3 10 86
3 11 86
3 12 86
3 13 86
3 14 86
3 15 86
3 16 86
3 17 86
3 18 86
3 19 86
3 20 86
3 21 86
3 22 86
3 23 86
3 24 86
3 25 86
3 26 86
3 27 86
3 28 86
3 29 86
3 30 86
3 31 86
3 32 86
3 33 86
3 34 86
3 35 86
3 36 86
3 37 86
3 38 86
3 39 86
3 40 86
3 41 86
3 42 86
3 43 86
3 44 86
3 45 86
3 46 86
3 47 86
3 48 86
3 49 86
3 50 86
3 51 86
3 52 86
3 53 86
3 54 86
3 55 86
3 56 86
3 57 86
3 58 86
3 59 86
3 60 86
3 61 86
3 62 86
3 63 86
3 64 86
3 65 86
3 66 86
3 67 86
3 68 86
3 69 86
3 70 86
3 71 86
3 72 86
3 73 86
3 74 86
3 75 86
3 76 86
3 77 86
3 78 86
3 79 86
3 80 86
3 81 86
3 82 86
3 83 86
3 84 86
3 85 86
3 86 86
3 1 87
3 2 87
3 3 87
3 4 87
3 5 87
3 6 87
3 7 87
3 8 87
3 9 87
3 10 87
3 11 87
3 12 87
3 13 87
3 14 87
3 15 87
3 16 87
3 17 87
3 18 87
3 19 87
3 20 87
3 21 87
3 22 87
3 23 87
3 24 87
3 25 87
3 26 87
3 27 87
3 28 87
3 29 87
3 30 87
3 31 87
3 32 87
3 33 87
3 34 87
3 35 87
3 36 87
3 37 87
3 38 87
3 39 87
3 40 87
3 41 87
3 42 87
3 43 87
3 44 87
3 45 87
3 46 87
3 47 87
3 48 87
3 49 87
3 50 87
3 51 87
3 52 87
3 53 87
3 54 87
3 55 87
3 56 87
3 57 87
3 58 87
3 59 87
3 60 87
3 61 87
3 62 87
3 63 87
3 64 87
3 65 87
3 66 87
3 67 87
3 68 87
3 69 87
3 70 87
3 71 87
3 72 87
3 73 87
3 74 87
3 75 87
3 76 87
3 77 87
3 78 87
3 79 87
3 80 87
3 81 87
3 82 87
3 83 87
3 84 87
3 85 87
3 86 87
3 87 87
3 1 88
3 2 88
3 3 88
3 4 88
3 5 88
3 6 88
3 7 88
3 8 88
3 9 88
3 10 88
3 11 88
3 12 88
3 13 88
3 14 88
3 15 88
3 16 88
3 17 88
3 18 88
3 19 88
3 20 88
3 21 88
3 22 88
3 23 88
3 24 88
3 25 88
3 26 88
3 27 88
3 28 88
3 29 88
3 30 88
3 31 88
3 32 88
3 33 88
3 34 88
3 35 88
3 36 88
3 37 88
3 38 88
3 39 88
3 40 88
3 41 88
3 42 88
3 43 88
3 44 88
3 45 88
3 46 88
3 47 88
3 48 88
3 49 88
3 50 88
3 51 88
3 52 88
3 53 88
3 54 88
3 55 88
3 56 88
3 57 88
3 58 88
3 59 88
3 60 88
3 61 88
3 62 88
3 63 88
3 64 88
3 65 88
3 66 88
3 67 88
3 68 88
3 69 88
3 70 88
3 71 88
3 72 88
3 73 88
3 74 88
3 75 88
3 76 88
3 77 88
3 78 88
3 79 88
3 80 88
3 81 88
3 82 88
3 83 88
3 84 88
3 85 88
3 86 88
3 87 88
3 88 88
3 1 89
3 2 89
3 3 89
3 4 89
3 5 89
3 6 89
3 7 89
3 8 89
3 9 89
3 10 89
3 11 89
3 12 89
3 13 89
3 14 89
3 15 89
3 16 89
3 17 89
3 18 89
3 19 89
3 20 89
3 21 89
3 22 89
3 23 89
3 24 89
3 25 89
3 26 89
3 27 89
3 28 89
3 29 89
3 30 89
3 31 89
3 32 89
3 33 89
3 34 89
3 35 89
3 36 89
3 37 89
3 38 89
3 39 89
3 40 89
3 41 89
3 42 89
3 43 89
3 44 89
3 45 89
3 46 89
3 47 89
3 48 89
3 49 89
3 50 89
3 51 89
3 52 89
3 53 89
3 54 89
3 55 89
3 56 89
3 57 89
3 58 89
3 59 89
3 60 89
3 61 89
3 62 89
3 63 89
3 64 89
3 65 89
3 66 89
3 67 89
3 68 89
3 69 89
3 70 89
3 71 89
3 72 89
3 73 89
3 74 89
3 75 89
3 76 89
3 77 89
3 78 89
3 79 89
3 80 89
3 81 89
3 82 89
3 83 89
3 84 89
3 85 89
3 86 89
3 87 89
3 88 89
3 89 89
3 1 90
3 2 90
3 3 90
3 4 90
3 5 90
3 6 90
3 7 90
3 8 90
3 9 90
3 10 90
3 11 90
3 12 90
3 13 90
3 14 90
3 15 90
3 16 90
3 17 90
3 18 90
3 19 90
3 20 90
3 21 90
3 22 90
3 23 90
3 24 90
3 25 90
3 26 90
3 27 90
3 28 90
3 29 90
3 30 90
3 31 90
3 32 90
3 33 90
3 34 90
3 35 90
3 36 90
3 37 90
3 38 90
3 39 90
3 40 90
3 41 90
3 42 90
3 43 90
3 44 90
3 45 90
3 46 90
3 47 90
3 48 90
3 49 90
3 50 90
3 51 90
3 52 90
3 53 90
3 54 90
3 55 90
3 56 90
3 57 90
3 58 90
3 59 90
3 60 90
3 61 90
3 62 90
3 63 90
3 64 90
3 65 90
3 66 90
3 67 90
3 68 90
3 69 90
3 70 90
3 71 90
3 72 90
3 73 90
3 74 90
3 75 90
3 76 90
3 77 90
3 78 90
3 79 90
3 80 90
3 81 90
3 82 90
3 83 90
3 84 90
3 85 90
3 86 90
3 87 90
3 88 90
3 89 90
3 90 90
3 1 91
3 2 91
3 3 91
3 4 91
3 5 91
3 6 91
3 7 91
3 8 91
3 9 91
3 10 91
3 11 91
3 12 91
3 13 91
3 14 91
3 15 91
3 16 91
3 17 91
3 18 91
3 19 91
3 20 91
3 21 91
3 22 91
3 23 91
3 24 91
3 25 91
3 26 91
3 27 91
3 28 91
3 29 91
3 30 91
3 31 91
3 32 91
3 33 91
3 34 91
3 35 91
3 36 91
3 37 91
3 38 91
3 39 91
3 40 91
3 41 91
3 42 91
3 43 91
3 44 91
3 45 91
3 46 91
3 47 91
3 48 91
3 49 91
3 50 91
3 51 91
3 52 91
3 53 91
3 54 91
3 55 91
3 56 91
3 57 91
3 58 91
3 59 91
3 60 91
3 61 91
3 62 91
3 63 91
3 64 91
3 65 91
3 66 91
3 67 91
3 68 91
3 69 91
3 70 91
3 71 91
3 72 91
3 73 91
3 74 91
3 75 91
3 76 91
3 77 91
3 78 91
3 79 91
3 80 91
3 81 91
3 82 91
3 83 91
3 84 91
3 85 91
3 86 91
3 87 91
3 88 91
3 89 91
3 90 91
3 91 91
3 1 92
3 2 92
3 3 92
3 4 92
3 5 92
3 6 92
3 7 92
3 8 92
3 9 92
3 10 92
3 11 92
3 12 92
3 13 92
3 14 92
3 15 92
3 16 92
3 17 92
3 18 92
3 19 92
3 20 92
3 21 92
3 22 92
3 23 92
3 24 92
3 25 92
3 26 92
3 27 92
3 28 92
3 29 92
3 30 92
3 31 92
3 32 92
3 33 92
3 34 92
3 35 92
3 36 92
3 37 92
3 38 92
3 39 92
3 40 92
3 41 92
3 42 92
3 43 92
3 44 92
3 45 92
3 46 92
3 47 92
3 48 92
3 49 92
3 50 92
3 51 92
3 52 92
3 53 92
3 54 92
3 55 92
3 56 92
3 57 92
3 58 92
3 59 92
3 60 92
3 61 92
3 62 92
3 63 92
3 64 92
3 65 92
3 66 92
3 67 92
3 68 92
3 69 92
3 70 92
3 71 92
3 72 92
3 73 92
3 74 92
3 75 92
3 76 92
3 77 92
3 78 92
3 79 92
3 80 92
3 81 92
3 82 92
3 83 92
3 84 92
3 85 92
3 86 92
3 87 92
3 88 92
3 89 92
3 90 92
3 91 92
3 92 92
3 1 93
3 2 93
3 3 93
3 4 93
3 5 93
3 6 93
3 7 93
3 8 93
3 9 93
3 10 93
3 11 93
3 12 93
3 13 93
3 14 93
3 15 93
3 16 93
3 17 93
3 18 93
3 19 93
3 20 93
3 21 93
3 22 93
3 23 93
3 24 93
3 25 93
3 26 93
3 27 93
3 28 93
3 29 93
3 30 93
3 31 93
3 32 93
3 33 93
3 34 93
3 35 93
3 36 93
3 37 93
3 38 93
3 39 93
3 40 93
3 41 93
3 42 93
3 43 93
3 44 93
3 45 93
3 46 93
3 47 93
3 48 93
3 49 93
3 50 93
3 51 93
3 52 93
3 53 93
3 54 93
3 55 93
3 56 93
3 57 93
3 58 93
3 59 93
3 60 93
3 61 93
3 62 93
3 63 93
3 64 93
3 65 93
3 66 93
3 67 93
3 68 93
3 69 93
3 70 93
3 71 93
3 72 93
3 73 93
3 74 93
3 75 93
3 76 93
3 77 93
3 78 93
3 79 93
3 80 93
3 81 93
3 82 93
3 83 93
3 84 93
3 85 93
3 86 93
3 87 93
3 88 93
3 89 93
3 90 93
3 91 93
3 92 93
3 93 93
3 1 94
3 2 94
3 3 94
3 4 94
3 5 94
3 6 94
3 7 94
3 8 94
3 9 94
3 10 94
3 11 94
3 12 94
3 13 94
3 14 94
3 15 94
3 16 94
3 17 94
3 18 94
3 19 94
3 20 94
3 21 94
3 22 94
3 23 94
3 24 94
3 25 94
3 26 94
3 27 94
3 28 94
3 29 94
3 30 94
3 31 94
3 32 94
3 33 94
3 34 94
3 35 94
3 36 94
3 37 94
3 38 94
3 39 94
3 40 94
3 41 94
3 42 94
3 43 94
3 44 94
3 45 94
3 46 94
3 47 94
3 48 94
3 49 94
3 50 94
3 51 94
3 52 94
3 53 94
3 54 94
3 55 94
3 56 94
3 57 94
3 58 94
3 59 94
3 60 94
3 61 94
3 62 94
3 63 94
3 64 94
3 65 94
3 66 94
3 67 94
3 68 94
3 69 94
3 70 94
3 71 94
3 72 94
3 73 94
3 74 94
3 75 94
3 76 94
3 77 94
3 78 94
3 79 94
3 80 94
3 81 94
3 82 94
3 83 94
3 84 94
3 85 94
3 86 94
3 87 94
3 88 94
3 89 94
3 90 94
3 91 94
3 92 94
3 93 94
3 94 94
3 1 95
3 2 95
3 3 95
3 4 95
3 5 95
3 6 95
3 7 95
3 8 95
3 9 95
3 10 95
3 11 95
3 12 95
3 13 95
3 14 95
3 15 95
3 16 95
3 17 95
3 18 95
3 19 95
3 20 95
3 21 95
3 22 95
3 23 95
3 24 95
3 25 95
3 26 95
3 27 95
3 28 95
3 29 95
3 30 95
3 31 95
3 32 95
3 33 95
3 34 95
3 35 95
3 36 95
3 37 95
3 38 95
3 39 95
3 40 95
3 41 95
3 42 95
3 43 95
3 44 95
3 45 95
3 46 95
3 47 95
3 48 95
3 49 95
3 50 95
3 51 95
3 52 95
3 53 95
3 54 95
3 55 95
3 56 95
3 57 95
3 58 95
3 59 95
3 60 95
3 61 95
3 62 95
3 63 95
3 64 95
3 65 95
3 66 95
3 67 95
3 68 95
3 69 95
3 70 95
3 71 95
3 72 95
3 73 95
3 74 95
3 75 95
3 76 95
3 77 95
3 78 95
3 79 95
3 80 95
3 81 95
3 82 95
3 83 95
3 84 95
3 85 95
3 86 95
3 87 95
3 88 95
3 89 95
3 90 95
3 91 95
3 92 95
3 93 95
3 94 95
3 95 95
3 1 96
3 2 96
3 3 96
3 4 96
3 5 96
3 6 96
3 7 96
3 8 96
3 9 96
3 10 96
3 11 96
3 12 96
3 13 96
3 14 96
3 15 96
3 16 96
3 17 96
3 18 96
3 19 96
3 20 96
3 21 96
3 22 96
3 23 96
3 24 96
3 25 96
3 26 96
3 27 96
3 28 96
3 29 96
3 30 96
3 31 96
3 32 96
3 33 96
3 34 96
3 35 96
3 36 96
3 37 96
3 38 96
3 39 96
3 40 96
3 41 96
3 42 96
3 43 96
3 44 96
3 45 96
3 46 96
3 47 96
3 48 96
3 49 96
3 50 96
3 51 96
3 52 96
3 53 96
3 54 96
3 55 96
3 56 96
3 57 96
3 58 96
3 59 96
3 60 96
3 61 96
3 62 96
3 63 96
3 64 96
3 65 96
3 66 96
3 67 96
3 68 96
3 69 96
3 70 96
3 71 96
3 72 96
3 73 96
3 74 96
3 75 96
3 76 96
3 77 96
3 78 96
3 79 96
3 80 96
3 81 96
3 82 96
3 83 96
3 84 96
3 85 96
3 86 96
3 87 96
3 88 96
3 89 96
3 90 96
3 91 96
3 92 96
3 93 96
3 94 96
3 95 96
3 96 96
3 1 97
3 2 97
3 3 97
3 4 97
3 5 97
3 6 97
3 7 97
3 8 97
3 9 97
3 10 97
3 11 97
3 12 97
3 13 97
3 14 97
3 15 97
3 16 97
3 17 97
3 18 97
3 19 97
3 20 97
3 21 97
3 22 97
3 23 97
3 24 97
3 25 97
3 26 97
3 27 97
3 28 97
3 29 97
3 30 97
3 31 97
3 32 97
3 33 97
3 34 97
3 35 97
3 36 97
3 37 97
3 38 97
3 39 97
3 40 97
3 41 97
3 42 97
3 43 97
3 44 97
3 45 97
3 46 97
3 47 97
3 48 97
3 49 97
3 50 97
3 51 97
3 52 97
3 53 97
3 54 97
3 55 97
3 56 97
3 57 97
3 58 97
3 59 97
3 60 97
3 61 97
3 62 97
3 63 97
3 64 97
3 65 97
3 66 97
3 67 97
3 68 97
3 69 97
3 70 97
3 71 97
3 72 97
3 73 97
3 74 97
3 75 97
3 76 97
3 77 97
3 78 97
3 79 97
3 80 97
3 81 97
3 82 97
3 83 97
3 84 97
3 85 97
3 86 97
3 87 97
3 88 97
3 89 97
3 90 97
3 91 97
3 92 97
3 93 97
3 94 97
3 95 97
3 96 97
3 97 97
3 1 98
3 2 98
3 3 98
3 4 98
3 5 98
3 6 98
3 7 98
3 8 98
3 9 98
3 10 98
3 11 98
3 12 98
3 13 98
3 14 98
3 15 98
3 16 98
3 17 98
3 18 98
3 19 98
3 20 98
3 21 98
3 22 98
3 23 98
3 24 98
3 25 98
3 26 98
3 27 98
3 28 98
3 29 98
3 30 98
3 31 98
3 32 98
3 33 98
3 34 98
3 35 98
3 36 98
3 37 98
3 38 98
3 39 98
3 40 98
3 41 98
3 42 98
3 43 98
3 44 98
3 45 98
3 46 98
3 47 98
3 48 98
3 49 98
3 50 98
3 51 98
3 52 98
3 53 98
3 54 98
3 55 98
3 56 98
3 57 98
3 58 98
3 59 98
3 60 98
3 61 98
3 62 98
3 63 98
3 64 98
3 65 98
3 66 98
3 67 98
3 68 98
3 69 98
3 70 98
3 71 98
3 72 98
3 73 98
3 74 98
3 75 98
3 76 98
3 77 98
3 78 98
3 79 98
3 80 98
3 81 98
3 82 98
3 83 98
3 84 98
3 85 98
3 86 98
3 87 98
3 88 98
3 89 98
3 90 98
3 91 98
3 92 98
3 93 98
3 94 98
3 95 98
3 96 98
3 97 98
3 98 98
3 1 99
3 2 99
3 3 99
3 4 99
3 5 99
3 6 99
3 7 99
3 8 99
3 9 99
3 10 99
3 11 99
3 12 99
3 13 99
3 14 99
3 15 99
3 16 99
3 17 99
3 18 99
3 19 99
3 20 99
3 21 99
3 22 99
3 23 99
3 24 99
3 25 99
3 26 99
3 27 99
3 28 99
3 29 99
3 30 99
3 31 99
3 32 99
3 33 99
3 34 99
3 35 99
3 36 99
3 37 99
3 38 99
3 39 99
3 40 99
3 41 99
3 42 99
3 43 99
3 44 99
3 45 99
3 46 99
3 47 99
3 48 99
3 49 99
3 50 99
3 51 99
3 52 99
3 53 99
3 54 99
3 55 99
3 56 99
3 57 99
3 58 99
3 59 99
3 60 99
3 61 99
3 62 99
3 63 99
3 64 99
3 65 99
3 66 99
3 67 99
3 68 99
3 69 99
3 70 99
3 71 99
3 72 99
3 73 99
3 74 99
3 75 99
3 76 99
3 77 99
3 78 99
3 79 99
3 80 99
3 81 99
3 82 99
3 83 99
3 84 99
3 85 99
3 86 99
3 87 99
3 88 99
3 89 99
3 90 99
3 91 99
3 92 99
3 93 99
3 94 99
3 95 99
3 96 99
3 97 99
3 98 99
3 99 99
3 1 100
3 2 100
3 3 100
3 4 100
3 5 100
3 6 100
3 7 100
3 8 100
3 9 100
3 10 100
3 11 100
3 12 100
3 13 100
3 14 100
3 15 100
3 16 100
3 17 100
3 18 100
3 19 100
3 20 100
3 21 100
3 22 100
3 23 100
3 24 100
3 25 100
3 26 100
3 27 100
3 28 100
3 29 100
3 30 100
3 31 100
3 32 100
3 33 100
3 34 100
3 35 100
3 36 100
3 37 100
3 38 100
3 39 100
3 40 100
3 41 100
3 42 100
3 43 100
3 44 100
3 45 100
3 46 100
3 47 100
3 48 100
3 49 100
3 50 100
3 51 100
3 52 100
3 53 100
3 54 100
3 55 100
3 56 100
3 57 100
3 58 100
3 59 100
3 60 100
3 61 100
3 62 100
3 63 100
3 64 100
3 65 100
3 66 100
3 67 100
3 68 100
3 69 100
3 70 100
3 71 100
3 72 100
3 73 100
3 74 100
3 75 100
3 76 100
3 77 100
3 78 100
3 79 100
3 80 100
3 81 100
3 82 100
3 83 100
3 84 100
3 85 100
3 86 100
3 87 100
3 88 100
3 89 100
3 90 100
3 91 100
3 92 100
3 93 100
3 94 100
3 95 100
3 96 100
3 97 100
3 98 100
3 99 100
3 100 100
3 1 101
3 2 101
3 3 101
3 4 101
3 5 101
3 6 101
3 7 101
3 8 101
3 9 101
3 10 101
3 11 101
3 12 101
3 13 101
3 14 101
3 15 101
3 16 101
3 17 101
3 18 101
3 19 101
3 20 101
3 21 101
3 22 101
3 23 101
3 24 101
3 25 101
3 26 101
3 27 101
3 28 101
3 29 101
3 30 101
3 31 101
3 32 101
3 33 101
3 34 101
3 35 101
3 36 101
3 37 101
3 38 101
3 39 101
3 40 101
3 41 101
3 42 101
3 43 101
3 44 101
3 45 101
3 46 101
3 47 101
3 48 101
3 49 101
3 50 101
3 51 101
3 52 101
3 53 101
3 54 101
3 55 101
3 56 101
3 57 101
3 58 101
3 59 101
3 60 101
3 61 101
3 62 101
3 63 101
3 64 101
3 65 101
3 66 101
3 67 101
3 68 101
3 69 101
3 70 101
3 71 101
3 72 101
3 73 101
3 74 101
3 75 101
3 76 101
3 77 101
3 78 101
3 79 101
3 80 101
3 81 101
3 82 101
3 83 101
3 84 101
3 85 101
3 86 101
3 87 101
3 88 101
3 89 101
3 90 101
3 91 101
3 92 101
3 93 101
3 94 101
3 95 101
3 96 101
3 97 101
3 98 101
3 99 101
3 100 101
3 101 101
3 1 102
3 2 102
3 3 102
3 4 102
3 5 102
3 6 102
3 7 102
3 8 102
3 9 102
3 10 102
3 11 102
3 12 102
3 13 102
3 14 102
3 15 102
3 16 102
3 17 102
3 18 102
3 19 102
3 20 102
3 21 102
3 22 102
3 23 102
3 24 102
3 25 102
3 26 102
3 27 102
3 28 102
3 29 102
3 30 102
3 31 102
3 32 102
3 33 102
3 34 102
3 35 102
3 36 102
3 37 102
3 38 102
3 39 102
3 40 102
3 41 102
3 42 102
3 43 102
3 44 102
3 45 102
3 46 102
3 47 102
3 48 102
3 49 102
3 50 102
3 51 102
3 52 102
3 53 102
3 54 102
3 55 102
3 56 102
3 57 102
3 58 102
3 59 102
3 60 102
3 61 102
3 62 102
3 63 102
3 64 102
3 65 102
3 66 102
3 67 102
3 68 102
3 69 102
3 70 102
3 71 102
3 72 102
3 73 102
3 74 102
3 75 102
3 76 102
3 77 102
3 78 102
3 79 102
3 80 102
3 81 102
3 82 102
3 83 102
3 84 102
3 85 102
3 86 102
3 87 102
3 88 102
3 89 102
3 90 102
3 91 102
3 92 102
3 93 102
3 94 102
3 95 102
3 96 102
3 97 102
3 98 102
3 99 102
3 100 102
3 101 102
3 102 102
3 1 103
3 2 103
3 3 103
3 4 103
3 5 103
3 6 103
3 7 103
3 8 103
3 9 103
3 10 103
3 11 103
3 12 103
3 13 103
3 14 103
3 15 103
3 16 103
3 17 103
3 18 103
3 19 103
3 20 103
3 21 103
3 22 103
3 23 103
3 24 103
3 25 103
3 26 103
3 27 103
3 28 103
3 29 103
3 30 103
3 31 103
3 32 103
3 33 103
3 34 103
3 35 103
3 36 103
3 37 103
3 38 103
3 39 103
3 40 103
3 41 103
3 42 103
3 43 103
3 44 103
3 45 103
3 46 103
3 47 103
3 48 103
3 49 103
3 50 103
3 51 103
3 52 103
3 53 103
3 54 103
3 55 103
3 56 103
3 57 103
3 58 103
3 59 103
3 60 103
3 61 103
3 62 103
3 63 103
3 64 103
3 65 103
3 66 103
3 67 103
3 68 103
3 69 103
3 70 103
3 71 103
3 72 103
3 73 103
3 74 103
3 75 103
3 76 103
3 77 103
3 78 103
3 79 103
3 80 103
3 81 103
3 82 103
3 83 103
3 84 103
3 85 103
3 86 103
3 87 103
3 88 103
3 89 103
3 90 103
3 91 103
3 92 103
3 93 103
3 94 103
3 95 103
3 96 103
3 97 103
3 98 103
3 99 103
3 100 103
3 101 103
3 102 103
3 103 103
3 1 104
3 2 104
3 3 104
3 4 104
3 5 104
3 6 104
3 7 104
3 8 104
3 9 104
3 10 104
3 11 104
3 12 104
3 13 104
3 14 104
3 15 104
3 16 104
3 17 104
3 18 104
3 19 104
3 20 104
3 21 104
3 22 104
3 23 104
3 24 104
3 25 104
3 26 104
3 27 104
3 28 104
3 29 104
3 30 104
3 31 104
3 32 104
3 33 104
3 34 104
3 35 104
3 36 104
3 37 104
3 38 104
3 39 104
3 40 104
3 41 104
3 42 104
3 43 104
3 44 104
3 45 104
3 46 104
3 47 104
3 48 104
3 49 104
3 50 104
3 51 104
3 52 104
3 53 104
3 54 104
3 55 104
3 56 104
3 57 104
3 58 104
3 59 104
3 60 104
3 61 104
3 62 104
3 63 104
3 64 104
3 65 104
3 66 104
3 67 104
3 68 104
3 69 104
3 70 104
3 71 104
3 72 104
3 73 104
3 74 104
3 75 104
3 76 104
3 77 104
3 78 104
3 79 104
3 80 104
3 81 104
3 82 104
3 83 104
3 84 104
3 85 104
3 86 104
3 87 104
3 88 104
3 89 104
3 90 104
3 91 104
3 92 104
3 93 104
3 94 104
3 95 104
3 96 104
3 97 104
3 98 104
3 99 104
3 100 104
3 101 104
3 102 104
3 103 104
3 104 104
3 1 105
3 2 105
3 3 105
3 4 105
3 5 105
3 6 105
3 7 105
3 8 105
3 9 105
3 10 105
3 11 105
3 12 105
3 13 105
3 14 105
3 15 105
3 16 105
3 17 105
3 18 105
3 19 105
3 20 105
3 21 105
3 22 105
3 23 105
3 24 105
3 25 105
3 26 105
3 27 105
3 28 105
3 29 105
3 30 105
3 31 105
3 32 105
3 33 105
3 34 105
3 35 105
3 36 105
3 37 105
3 38 105
3 39 105
3 40 105
3 41 105
3 42 105
3 43 105
3 44 105
3 45 105
3 46 105
3 47 105
3 48 105
3 49 105
3 50 105
3 51 105
3 52 105
3 53 105
3 54 105
3 55 105
3 56 105
3 57 105
3 58 105
3 59 105
3 60 105
3 61 105
3 62 105
3 63 105
3 64 105
3 65 105
3 66 105
3 67 105
3 68 105
3 69 105
3 70 105
3 71 105
3 72 105
3 73 105
3 74 105
3 75 105
3 76 105
3 77 105
3 78 105
3 79 105
3 80 105
3 81 105
3 82 105
3 83 105
3 84 105
3 85 105
3 86 105
3 87 105
3 88 105
3 89 105
3 90 105
3 91 105
3 92 105
3 93 105
3 94 105
3 95 105
3 96 105
3 97 105
3 98 105
3 99 105
3 100 105
3 101 105
3 102 105
3 103 105
3 104 105
3 105 105
3 1 106
3 2 106
3 3 106
3 4 106
3 5 106
3 6 106
3 7 106
3 8 106
3 9 106
3 10 106
3 11 106
3 12 106
3 13 106
3 14 106
3 15 106
3 16 106
3 17 106
3 18 106
3 19 106
3 20 106
3 21 106
3 22 106
3 23 106
3 24 106
3 25 106
3 26 106
3 27 106
3 28 106
3 29 106
3 30 106
3 31 106
3 32 106
3 33 106
3 34 106
3 35 106
3 36 106
3 37 106
3 38 106
3 39 106
3 40 106
3 41 106
3 42 106
3 43 106
3 44 106
3 45 106
3 46 106
3 47 106
3 48 106
3 49 106
3 50 106
3 51 106
3 52 106
3 53 106
3 54 106
3 55 106
3 56 106
3 57 106
3 58 106
3 59 106
3 60 106
3 61 106
3 62 106
3 63 106
3 64 106
3 65 106
3 66 106
3 67 106
3 68 106
3 69 106
3 70 106
3 71 106
3 72 106
3 73 106
3 74 106
3 75 106
3 76 106
3 77 106
3 78 106
3 79 106
3 80 106
3 81 106
3 82 106
3 83 106
3 84 106
3 85 106
3 86 106
3 87 106
3 88 106
3 89 106
3 90 106
3 91 106
3 92 106
3 93 106
3 94 106
3 95 106
3 96 106
3 97 106
3 98 106
3 99 106
3 100 106
3 101 106
3 102 106
3 103 106
3 104 106
3 105 106
3 106 106
3 1 107
3 2 107
3 3 107
3 4 107
3 5 107
3 6 107
3 7 107
3 8 107
3 9 107
3 10 107
3 11 107
3 12 107
3 13 107
3 14 107
3 15 107
3 16 107
3 17 107
3 18 107
3 19 107
3 20 107
3 21 107
3 22 107
3 23 107
3 24 107
3 25 107
3 26 107
3 27 107
3 28 107
3 29 107
3 30 107
3 31 107
3 32 107
3 33 107
3 34 107
3 35 107
3 36 107
3 37 107
3 38 107
3 39 107
3 40 107
3 41 107
3 42 107
3 43 107
3 44 107
3 45 107
3 46 107
3 47 107
3 48 107
3 49 107
3 50 107
3 51 107
3 52 107
3 53 107
3 54 107
3 55 107
3 56 107
3 57 107
3 58 107
3 59 107
3 60 107
3 61 107
3 62 107
3 63 107
3 64 107
3 65 107
3 66 107
3 67 107
3 68 107
3 69 107
3 70 107
3 71 107
3 72 107
3 73 107
3 74 107
3 75 107
3 76 107
3 77 107
3 78 107
3 79 107
3 80 107
3 81 107
3 82 107
3 83 107
3 84 107
3 85 107
3 86 107
3 87 107
3 88 107
3 89 107
3 90 107
3 91 107
3 92 107
3 93 107
3 94 107
3 95 107
3 96 107
3 97 107
3 98 107
3 99 107
3 100 107
3 101 107
3 102 107
3 103 107
3 104 107
3 105 107
3 106 107
3 107 107
3 1 108
3 2 108
3 3 108
3 4 108
3 5 108
3 6 108
3 7 108
3 8 108
3 9 108
3 10 108
3 11 108
3 12 108
3 13 108
3 14 108
3 15 108
3 16 108
3 17 108
3 18 108
3 19 108
3 20 108
3 21 108
3 22 108
3 23 108
3 24 108
3 25 108
3 26 108
3 27 108
3 28 108
3 29 108
3 30 108
3 31 108
3 32 108
3 33 108
3 34 108
3 35 108
3 36 108
3 37 108
3 38 108
3 39 108
3 40 108
3 41 108
3 42 108
3 43 108
3 44 108
3 45 108
3 46 108
3 47 108
3 48 108
3 49 108
3 50 108
3 51 108
3 52 108
3 53 108
3 54 108
3 55 108
3 56 108
3 57 108
3 58 108
3 59 108
3 60 108
3 61 108
3 62 108
3 63 108
3 64 108
3 65 108
3 66 108
3 67 108
3 68 108
3 69 108
3 70 108
3 71 108
3 72 108
3 73 108
3 74 108
3 75 108
3 76 108
3 77 108
3 78 108
3 79 108
3 80 108
3 81 108
3 82 108
3 83 108
3 84 108
3 85 108
3 86 108
3 87 108
3 88 108
3 89 108
3 90 108
3 91 108
3 92 108
3 93 108
3 94 108
3 95 108
3 96 108
3 97 108
3 98 108
3 99 108
3 100 108
3 101 108
3 102 108
3 103 108
3 104 108
3 105 108
3 106 108
3 107 108
3 108 108
3 1 109
3 2 109
3 3 109
3 4 109
3 5 109
3 6 109
3 7 109
3 8 109
3 9 109
3 10 109
3 11 109
3 12 109
3 13 109
3 14 109
3 15 109
3 16 109
3 17 109
3 18 109
3 19 109
3 20 109
3 21 109
3 22 109
3 23 109
3 24 109
3 25 109
3 26 109
3 27 109
3 28 109
3 29 109
3 30 109
3 31 109
3 32 109
3 33 109
3 34 109
3 35 109
3 36 109
3 37 109
3 38 109
3 39 109
3 40 109
3 41 109
3 42 109
3 43 109
3 44 109
3 45 109
3 46 109
3 47 109
3 48 109
3 49 109
3 50 109
3 51 109
3 52 109
3 53 109
3 54 109
3 55 109
3 56 109
3 57 109
3 58 109
3 59 109
3 60 109
3 61 109
3 62 109
3 63 109
3 64 109
3 65 109
3 66 109
3 67 109
3 68 109
3 69 109
3 70 109
3 71 109
3 72 109
3 73 109
3 74 109
3 75 109
3 76 109
3 77 109
3 78 109
3 79 109
3 80 109
3 81 109
3 82 109
3 83 109
3 84 109
3 85 109
3 86 109
3 87 109
3 88 109
3 89 109
3 90 109
3 91 109
3 92 109
3 93 109
3 94 109
3 95 109
3 96 109
3 97 109
3 98 109
3 99 109
3 100 109
3 101 109
3 102 109
3 103 109
3 104 109
3 105 109
3 106 109
3 107 109
3 108 109
3 109 109
3 1 110
3 2 110
3 3 110
3 4 110
3 5 110
3 6 110
3 7 110
3 8 110
3 9 110
3 10 110
3 11 110
3 12 110
3 13 110
3 14 110
3 15 110
3 16 110
3 17 110
3 18 110
3 19 110
3 20 110
3 21 110
3 22 110
3 23 110
3 24 110
3 25 110
3 26 110
3 27 110
3 28 110
3 29 110
3 30 110
3 31 110
3 32 110
3 33 110
3 34 110
3 35 110
3 36 110
3 37 110
3 38 110
3 39 110
3 40 110
3 41 110
3 42 110
3 43 110
3 44 110
3 45 110
3 46 110
3 47 110
3 48 110
3 49 110
3 50 110
3 51 110
3 52 110
3 53 110
3 54 110
3 55 110
3 56 110
3 57 110
3 58 110
3 59 110
3 60 110
3 61 110
3 62 110
3 63 110
3 64 110
3 65 110
3 66 110
3 67 110
3 68 110
3 69 110
3 70 110
3 71 110
3 72 110
3 73 110
3 74 110
3 75 110
3 76 110
3 77 110
3 78 110
3 79 110
3 80 110
3 81 110
3 82 110
3 83 110
3 84 110
3 85 110
3 86 110
3 87 110
3 88 110
3 89 110
3 90 110
3 91 110
3 92 110
3 93 110
3 94 110
3 95 110
3 96 110
3 97 110
3 98 110
3 99 110
3 100 110
3 101 110
3 102 110
3 103 110
3 104 110
3 105 110
3 106 110
3 107 110
3 108 110
3 109 110
3 110 110
3 1 111
3 2 111
3 3 111
3 4 111
3 5 111
3 6 111
3 7 111
3 8 111
3 9 111
3 10 111
3 11 111
3 12 111
3 13 111
3 14 111
3 15 111
3 16 111
3 17 111
3 18 111
3 19 111
3 20 111
3 21 111
3 22 111
3 23 111
3 24 111
3 25 111
3 26 111
3 27 111
3 28 111
3 29 111
3 30 111
3 31 111
3 32 111
3 33 111
3 34 111
3 35 111
3 36 111
3 37 111
3 38 111
3 39 111
3 40 111
3 41 111
3 42 111
3 43 111
3 44 111
3 45 111
3 46 111
3 47 111
3 48 111
3 49 111
3 50 111
3 51 111
3 52 111
3 53 111
3 54 111
3 55 111
3 56 111
3 57 111
3 58 111
3 59 111
3 60 111
3 61 111
3 62 111
3 63 111
3 64 111
3 65 111
3 66 111
3 67 111
3 68 111
3 69 111
3 70 111
3 71 111
3 72 111
3 73 111
3 74 111
3 75 111
3 76 111
3 77 111
3 78 111
3 79 111
3 80 111
3 81 111
3 82 111
3 83 111
3 84 111
3 85 111
3 86 111
3 87 111
3 88 111
3 89 111
3 90 111
3 91 111
3 92 111
3 93 111
3 94 111
3 95 111
3 96 111
3 97 111
3 98 111
3 99 111
3 100 111
3 101 111
3 102 111
3 103 111
3 104 111
3 105 111
3 106 111
3 107 111
3 108 111
3 109 111
3 110 111
3 111 111
3 1 112
3 2 112
3 3 112
3 4 112
3 5 112
3 6 112
3 7 112
3 8 112
3 9 112
3 10 112
3 11 112
3 12 112
3 13 112
3 14 112
3 15 112
3 16 112
3 17 112
3 18 112
3 19 112
3 20 112
3 21 112
3 22 112
3 23 112
3 24 112
3 25 112
3 26 112
3 27 112
3 28 112
3 29 112
3 30 112
3 31 112
3 32 112
3 33 112
3 34 112
3 35 112
3 36 112
3 37 112
3 38 112
3 39 112
3 40 112
3 41 112
3 42 112
3 43 112
3 44 112
3 45 112
3 46 112
3 47 112
3 48 112
3 49 112
3 50 112
3 51 112
3 52 112
3 53 112
3 54 112
3 55 112
3 56 112
3 57 112
3 58 112
3 59 112
3 60 112
3 61 112
3 62 112
3 63 112
3 64 112
3 65 112
3 66 112
3 67 112
3 68 112
3 69 112
3 70 112
3 71 112
3 72 112
3 73 112
3 74 112
3 75 112
3 76 112
3 77 112
3 78 112
3 79 112
3 80 112
3 81 112
3 82 112
3 83 112
3 84 112
3 85 112
3 86 112
3 87 112
3 88 112
3 89 112
3 90 112
3 91 112
3 92 112
3 93 112
3 94 112
3 95 112
3 96 112
3 97 112
3 98 112
3 99 112
3 100 112
3 101 112
3 102 112
3 103 112
3 104 112
3 105 112
3 106 112
3 107 112
3 108 112
3 109 112
3 110 112
3 111 112
3 112 112
3 1 113
3 2 113
3 3 113
3 4 113
3 5 113
3 6 113
3 7 113
3 8 113
3 9 113
3 10 113
3 11 113
3 12 113
3 13 113
3 14 113
3 15 113
3 16 113
3 17 113
3 18 113
3 19 113
3 20 113
3 21 113
3 22 113
3 23 113
3 24 113
3 25 113
3 26 113
3 27 113
3 28 113
3 29 113
3 30 113
3 31 113
3 32 113
3 33 113
3 34 113
3 35 113
3 36 113
3 37 113
3 38 113
3 39 113
3 40 113
3 41 113
3 42 113
3 43 113
3 44 113
3 45 113
3 46 113
3 47 113
3 48 113
3 49 113
3 50 113
3 51 113
3 52 113
3 53 113
3 54 113
3 55 113
3 56 113
3 57 113
3 58 113
3 59 113
3 60 113
3 61 113
3 62 113
3 63 113
3 64 113
3 65 113
3 66 113
3 67 113
3 68 113
3 69 113
3 70 113
3 71 113
3 72 113
3 73 113
3 74 113
3 75 113
3 76 113
3 77 113
3 78 113
3 79 113
3 80 113
3 81 113
3 82 113
3 83 113
3 84 113
3 85 113
3 86 113
3 87 113
3 88 113
3 89 113
3 90 113
3 91 113
3 92 113
3 93 113
3 94 113
3 95 113
3 96 113
3 97 113
3 98 113
3 99 113
3 100 113
3 101 113
3 102 113
3 103 113
3 104 113
3 105 113
3 106 113
3 107 113
3 108 113
3 109 113
3 110 113
3 111 113
3 112 113
3 113 113
3 1 114
3 2 114
3 3 114
3 4 114
3 5 114
3 6 114
3 7 114
3 8 114
3 9 114
3 10 114
3 11 114
3 12 114
3 13 114
3 14 114
3 15 114
3 16 114
3 17 114
3 18 114
3 19 114
3 20 114
3 21 114
3 22 114
3 23 114
3 24 114
3 25 114
3 26 114
3 27 114
3 28 114
3 29 114
3 30 114
3 31 114
3 32 114
3 33 114
3 34 114
3 35 114
3 36 114
3 37 114
3 38 114
3 39 114
3 40 114
3 41 114
3 42 114
3 43 114
3 44 114
3 45 114
3 46 114
3 47 114
3 48 114
3 49 114
3 50 114
3 51 114
3 52 114
3 53 114
3 54 114
3 55 114
3 56 114
3 57 114
3 58 114
3 59 114
3 60 114
3 61 114
3 62 114
3 63 114
3 64 114
3 65 114
3 66 114
3 67 114
3 68 114
3 69 114
3 70 114
3 71 114
3 72 114
3 73 114
3 74 114
3 75 114
3 76 114
3 77 114
3 78 114
3 79 114
3 80 114
3 81 114
3 82 114
3 83 114
3 84 114
3 85 114
3 86 114
3 87 114
3 88 114
3 89 114
3 90 114
3 91 114
3 92 114
3 93 114
3 94 114
3 95 114
3 96 114
3 97 114
3 98 114
3 99 114
3 100 114
3 101 114
3 102 114
3 103 114
3 104 114
3 105 114
3 106 114
3 107 114
3 108 114
3 109 114
3 110 114
3 111 114
3 112 114
3 113 114
3 114 114
3 1 115
3 2 115
3 3 115
3 4 115
3 5 115
3 6 115
3 7 115
3 8 115
3 9 115
3 10 115
3 11 115
3 12 115
3 13 115
3 14 115
3 15 115
3 16 115
3 17 115
3 18 115
3 19 115
3 20 115
3 21 115
3 22 115
3 23 115
3 24 115
3 25 115
3 26 115
3 27 115
3 28 115
3 29 115
3 30 115
3 31 115
3 32 115
3 33 115
3 34 115
3 35 115
3 36 115
3 37 115
3 38 115
3 39 115
3 40 115
3 41 115
3 42 115
3 43 115
3 44 115
3 45 115
3 46 115
3 47 115
3 48 115
3 49 115
3 50 115
3 51 115
3 52 115
3 53 115
3 54 115
3 55 115
3 56 115
3 57 115
3 58 115
3 59 115
3 60 115
3 61 115
3 62 115
3 63 115
3 64 115
3 65 115
3 66 115
3 67 115
3 68 115
3 69 115
3 70 115
3 71 115
3 72 115
3 73 115
3 74 115
3 75 115
3 76 115
3 77 115
3 78 115
3 79 115
3 80 115
3 81 115
3 82 115
3 83 115
3 84 115
3 85 115
3 86 115
3 87 115
3 88 115
3 89 115
3 90 115
3 91 115
3 92 115
3 93 115
3 94 115
3 95 115
3 96 115
3 97 115
3 98 115
3 99 115
3 100 115
3 101 115
3 102 115
3 103 115
3 104 115
3 105 115
3 106 115
3 107 115
3 108 115
3 109 115
3 110 115
3 111 115
3 112 115
3 113 115
3 114 115
3 115 115
3 1 116
3 2 116
3 3 116
3 4 116
3 5 116
3 6 116
3 7 116
3 8 116
3 9 116
3 10 116
3 11 116
3 12 116
3 13 116
3 14 116
3 15 116
3 16 116
3 17 116
3 18 116
3 19 116
3 20 116
3 21 116
3 22 116
3 23 116
3 24 116
3 25 116
3 26 116
3 27 116
3 28 116
3 29 116
3 30 116
3 31 116
3 32 116
3 33 116
3 34 116
3 35 116
3 36 116
3 37 116
3 38 116
3 39 116
3 40 116
3 41 116
3 42 116
3 43 116
3 44 116
3 45 116
3 46 116
3 47 116
3 48 116
3 49 116
3 50 116
3 51 116
3 52 116
3 53 116
3 54 116
3 55 116
3 56 116
3 57 116
3 58 116
3 59 116
3 60 116
3 61 116
3 62 116
3 63 116
3 64 116
3 65 116
3 66 116
3 67 116
3 68 116
3 69 116
3 70 116
3 71 116
3 72 116
3 73 116
3 74 116
3 75 116
3 76 116
3 77 116
3 78 116
3 79 116
3 80 116
3 81 116
3 82 116
3 83 116
3 84 116
3 85 116
3 86 116
3 87 116
3 88 116
3 89 116
3 90 116
3 91 116
3 92 116
3 93 116
3 94 116
3 95 116
3 96 116
3 97 116
3 98 116
3 99 116
3 100 116
3 101 116
3 102 116
3 103 116
3 104 116
3 105 116
3 106 116
3 107 116
3 108 116
3 109 116
3 110 116
3 111 116
3 112 116
3 113 116
3 114 116
3 115 116
3 116 116
3 1 117
3 2 117
3 3 117
3 4 117
3 5 117
3 6 117
3 7 117
3 8 117
3 9 117
3 10 117
3 11 117
3 12 117
3 13 117
3 14 117
3 15 117
3 16 117
3 17 117
3 18 117
3 19 117
3 20 117
3 21 117
3 22 117
3 23 117
3 24 117
3 25 117
3 26 117
3 27 117
3 28 117
3 29 117
3 30 117
3 31 117
3 32 117
3 33 117
3 34 117
3 35 117
3 36 117
3 37 117
3 38 117
3 39 117
3 40 117
3 41 117
3 42 117
3 43 117
3 44 117
3 45 117
3 46 117
3 47 117
3 48 117
3 49 117
3 50 117
3 51 117
3 52 117
3 53 117
3 54 117
3 55 117
3 56 117
3 57 117
3 58 117
3 59 117
3 60 117
3 61 117
3 62 117
3 63 117
3 64 117
3 65 117
3 66 117
3 67 117
3 68 117
3 69 117
3 70 117
3 71 117
3 72 117
3 73 117
3 74 117
3 75 117
3 76 117
3 77 117
3 78 117
3 79 117
3 80 117
3 81 117
3 82 117
3 83 117
3 84 117
3 85 117
3 86 117
3 87 117
3 88 117
3 89 117
3 90 117
3 91 117
3 92 117
3 93 117
3 94 117
3 95 117
3 96 117
3 97 117
3 98 117
3 99 117
3 100 117
3 101 117
3 102 117
3 103 117
3 104 117
3 105 117
3 106 117
3 107 117
3 108 117
3 109 117
3 110 117
3 111 117
3 112 117
3 113 117
3 114 117
3 115 117
3 116 117
3 117 117
3 1 118
3 2 118
3 3 118
3 4 118
3 5 118
3 6 118
3 7 118
3 8 118
3 9 118
3 10 118
3 11 118
3 12 118
3 13 118
3 14 118
3 15 118
3 16 118
3 17 118
3 18 118
3 19 118
3 20 118
3 21 118
3 22 118
3 23 118
3 24 118
3 25 118
3 26 118
3 27 118
3 28 118
3 29 118
3 30 118
3 31 118
3 32 118
3 33 118
3 34 118
3 35 118
3 36 118
3 37 118
3 38 118
3 39 118
3 40 118
3 41 118
3 42 118
3 43 118
3 44 118
3 45 118
3 46 118
3 47 118
3 48 118
3 49 118
3 50 118
3 51 118
3 52 118
3 53 118
3 54 118
3 55 118
3 56 118
3 57 118
3 58 118
3 59 118
3 60 118
3 61 118
3 62 118
3 63 118
3 64 118
3 65 118
3 66 118
3 67 118
3 68 118
3 69 118
3 70 118
3 71 118
3 72 118
3 73 118
3 74 118
3 75 118
3 76 118
3 77 118
3 78 118
3 79 118
3 80 118
3 81 118
3 82 118
3 83 118
3 84 118
3 85 118
3 86 118
3 87 118
3 88 118
3 89 118
3 90 118
3 91 118
3 92 118
3 93 118
3 94 118
3 95 118
3 96 118
3 97 118
3 98 118
3 99 118
3 100 118
3 101 118
3 102 118
3 103 118
3 104 118
3 105 118
3 106 118
3 107 118
3 108 118
3 109 118
3 110 118
3 111 118
3 112 118
3 113 118
3 114 118
3 115 118
3 116 118
3 117 118
3 118 118
3 1 119
3 2 119
3 3 119
3 4 119
3 5 119
3 6 119
3 7 119
3 8 119
3 9 119
3 10 119
3 11 119
3 12 119
3 13 119
3 14 119
3 15 119
3 16 119
3 17 119
3 18 119
3 19 119
3 20 119
3 21 119
3 22 119
3 23 119
3 24 119
3 25 119
3 26 119
3 27 119
3 28 119
3 29 119
3 30 119
3 31 119
3 32 119
3 33 119
3 34 119
3 35 119
3 36 119
3 37 119
3 38 119
3 39 119
3 40 119
3 41 119
3 42 119
3 43 119
3 44 119
3 45 119
3 46 119
3 47 119
3 48 119
3 49 119
3 50 119
3 51 119
3 52 119
3 53 119
3 54 119
3 55 119
3 56 119
3 57 119
3 58 119
3 59 119
3 60 119
3 61 119
3 62 119
3 63 119
3 64 119
3 65 119
3 66 119
3 67 119
3 68 119
3 69 119
3 70 119
3 71 119
3 72 119
3 73 119
3 74 119
3 75 119
3 76 119
3 77 119
3 78 119
3 79 119
3 80 119
3 81 119
3 82 119
3 83 119
3 84 119
3 85 119
3 86 119
3 87 119
3 88 119
3 89 119
3 90 119
3 91 119
3 92 119
3 93 119
3 94 119
3 95 119
3 96 119
3 97 119
3 98 119
3 99 119
3 100 119
3 101 119
3 102 119
3 103 119
3 104 119
3 105 119
3 106 119
3 107 119
3 108 119
3 109 119
3 110 119
3 111 119
3 112 119
3 113 119
3 114 119
3 115 119
3 116 119
3 117 119
3 118 119
3 119 119
3 1 120
3 2 120
3 3 120
3 4 120
3 5 120
3 6 120
3 7 120
3 8 120
3 9 120
3 10 120
3 11 120
3 12 120
3 13 120
3 14 120
3 15 120
3 16 120
3 17 120
3 18 120
3 19 120
3 20 120
3 21 120
3 22 120
3 23 120
3 24 120
3 25 120
3 26 120
3 27 120
3 28 120
3 29 120
3 30 120
3 31 120
3 32 120
3 33 120
3 34 120
3 35 120
3 36 120
3 37 120
3 38 120
3 39 120
3 40 120
3 41 120
3 42 120
3 43 120
3 44 120
3 45 120
3 46 120
3 47 120
3 48 120
3 49 120
3 50 120
3 51 120
3 52 120
3 53 120
3 54 120
3 55 120
3 56 120
3 57 120
3 58 120
3 59 120
3 60 120
3 61 120
3 62 120
3 63 120
3 64 120
3 65 120
3 66 120
3 67 120
3 68 120
3 69 120
3 70 120
3 71 120
3 72 120
3 73 120
3 74 120
3 75 120
3 76 120
3 77 120
3 78 120
3 79 120
3 80 120
3 81 120
3 82 120
3 83 120
3 84 120
3 85 120
3 86 120
3 87 120
3 88 120
3 89 120
3 90 120
3 91 120
3 92 120
3 93 120
3 94 120
3 95 120
3 96 120
3 97 120
3 98 120
3 99 120
3 100 120
3 101 120
3 102 120
3 103 120
3 104 120
3 105 120
3 106 120
3 107 120
3 108 120
3 109 120
3 110 120
3 111 120
3 112 120
3 113 120
3 114 120
3 115 120
3 116 120
3 117 120
3 118 120
3 119 120
3 120 120
3 1 121
3 2 121
3 3 121
3 4 121
3 5 121
3 6 121
3 7 121
3 8 121
3 9 121
3 10 121
3 11 121
3 12 121
3 13 121
3 14 121
3 15 121
3 16 121
3 17 121
3 18 121
3 19 121
3 20 121
3 21 121
3 22 121
3 23 121
3 24 121
3 25 121
3 26 121
3 27 121
3 28 121
3 29 121
3 30 121
3 31 121
3 32 121
3 33 121
3 34 121
3 35 121
3 36 121
3 37 121
3 38 121
3 39 121
3 40 121
3 41 121
3 42 121
3 43 121
3 44 121
3 45 121
3 46 121
3 47 121
3 48 121
3 49 121
3 50 121
3 51 121
3 52 121
3 53 121
3 54 121
3 55 121
3 56 121
3 57 121
3 58 121
3 59 121
3 60 121
3 61 121
3 62 121
3 63 121
3 64 121
3 65 121
3 66 121
3 67 121
3 68 121
3 69 121
3 70 121
3 71 121
3 72 121
3 73 121
3 74 121
3 75 121
3 76 121
3 77 121
3 78 121
3 79 121
3 80 121
3 81 121
3 82 121
3 83 121
3 84 121
3 85 121
3 86 121
3 87 121
3 88 121
3 89 121
3 90 121
3 91 121
3 92 121
3 93 121
3 94 121
3 95 121
3 96 121
3 97 121
3 98 121
3 99 121
3 100 121
3 101 121
3 102 121
3 103 121
3 104 121
3 105 121
3 106 121
3 107 121
3 108 121
3 109 121
3 110 121
3 111 121
3 112 121
3 113 121
3 114 121
3 115 121
3 116 121
3 117 121
3 118 121
3 119 121
3 120 121
3 121 121
3 1 122
3 2 122
3 3 122
3 4 122
3 5 122
3 6 122
3 7 122
3 8 122
3 9 122
3 10 122
3 11 122
3 12 122
3 13 122
3 14 122
3 15 122
3 16 122
3 17 122
3 18 122
3 19 122
3 20 122
3 21 122
3 22 122
3 23 122
3 24 122
3 25 122
3 26 122
3 27 122
3 28 122
3 29 122
3 30 122
3 31 122
3 32 122
3 33 122
3 34 122
3 35 122
3 36 122
3 37 122
3 38 122
3 39 122
3 40 122
3 41 122
3 42 122
3 43 122
3 44 122
3 45 122
3 46 122
3 47 122
3 48 122
3 49 122
3 50 122
3 51 122
3 52 122
3 53 122
3 54 122
3 55 122
3 56 122
3 57 122
3 58 122
3 59 122
3 60 122
3 61 122
3 62 122
3 63 122
3 64 122
3 65 122
3 66 122
3 67 122
3 68 122
3 69 122
3 70 122
3 71 122
3 72 122
3 73 122
3 74 122
3 75 122
3 76 122
3 77 122
3 78 122
3 79 122
3 80 122
3 81 122
3 82 122
3 83 122
3 84 122
3 85 122
3 86 122
3 87 122
3 88 122
3 89 122
3 90 122
3 91 122
3 92 122
3 93 122
3 94 122
3 95 122
3 96 122
3 97 122
3 98 122
3 99 122
3 100 122
3 101 122
3 102 122
3 103 122
3 104 122
3 105 122
3 106 122
3 107 122
3 108 122
3 109 122
3 110 122
3 111 122
3 112 122
3 113 122
3 114 122
3 115 122
3 116 122
3 117 122
3 118 122
3 119 122
3 120 122
3 121 122
3 122 122
3 1 123
3 2 123
3 3 123
3 4 123
3 5 123
3 6 123
3 7 123
3 8 123
3 9 123
3 10 123
3 11 123
3 12 123
3 13 123
3 14 123
3 15 123
3 16 123
3 17 123
3 18 123
3 19 123
3 20 123
3 21 123
3 22 123
3 23 123
3 24 123
3 25 123
3 26 123
3 27 123
3 28 123
3 29 123
3 30 123
3 31 123
3 32 123
3 33 123
3 34 123
3 35 123
3 36 123
3 37 123
3 38 123
3 39 123
3 40 123
3 41 123
3 42 123
3 43 123
3 44 123
3 45 123
3 46 123
3 47 123
3 48 123
3 49 123
3 50 123
3 51 123
3 52 123
3 53 123
3 54 123
3 55 123
3 56 123
3 57 123
3 58 123
3 59 123
3 60 123
3 61 123
3 62 123
3 63 123
3 64 123
3 65 123
3 66 123
3 67 123
3 68 123
3 69 123
3 70 123
3 71 123
3 72 123
3 73 123
3 74 123
3 75 123
3 76 123
3 77 123
3 78 123
3 79 123
3 80 123
3 81 123
3 82 123
3 83 123
3 84 123
3 85 123
3 86 123
3 87 123
3 88 123
3 89 123
3 90 123
3 91 123
3 92 123
3 93 123
3 94 123
3 95 123
3 96 123
3 97 123
3 98 123
3 99 123
3 100 123
3 101 123
3 102 123
3 103 123
3 104 123
3 105 123
3 106 123
3 107 123
3 108 123
3 109 123
3 110 123
3 111 123
3 112 123
3 113 123
3 114 123
3 115 123
3 116 123
3 117 123
3 118 123
3 119 123
3 120 123
3 121 123
3 122 123
3 123 123
3 1 124
3 2 124
3 3 124
3 4 124
3 5 124
3 6 124
3 7 124
3 8 124
3 9 124
3 10 124
3 11 124
3 12 124
3 13 124
3 14 124
3 15 124
3 16 124
3 17 124
3 18 124
3 19 124
3 20 124
3 21 124
3 22 124
3 23 124
3 24 124
3 25 124
3 26 124
3 27 124
3 28 124
3 29 124
3 30 124
3 31 124
3 32 124
3 33 124
3 34 124
3 35 124
3 36 124
3 37 124
3 38 124
3 39 124
3 40 124
3 41 124
3 42 124
3 43 124
3 44 124
3 45 124
3 46 124
3 47 124
3 48 124
3 49 124
3 50 124
3 51 124
3 52 124
3 53 124
3 54 124
3 55 124
3 56 124
3 57 124
3 58 124
3 59 124
3 60 124
3 61 124
3 62 124
3 63 124
3 64 124
3 65 124
3 66 124
3 67 124
3 68 124
3 69 124
3 70 124
3 71 124
3 72 124
3 73 124
3 74 124
3 75 124
3 76 124
3 77 124
3 78 124
3 79 124
3 80 124
3 81 124
3 82 124
3 83 124
3 84 124
3 85 124
3 86 124
3 87 124
3 88 124
3 89 124
3 90 124
3 91 124
3 92 124
3 93 124
3 94 124
3 95 124
3 96 124
3 97 124
3 98 124
3 99 124
3 100 124
3 101 124
3 102 124
3 103 124
3 104 124
3 105 124
3 106 124
3 107 124
3 108 124
3 109 124
3 110 124
3 111 124
3 112 124
3 113 124
3 114 124
3 115 124
3 116 124
3 117 124
3 118 124
3 119 124
3 120 124
3 121 124
3 122 124
3 123 124
3 124 124
3 1 125
3 2 125
3 3 125
3 4 125
3 5 125
3 6 125
3 7 125
3 8 125
3 9 125
3 10 125
3 11 125
3 12 125
3 13 125
3 14 125
3 15 125
3 16 125
3 17 125
3 18 125
3 19 125
3 20 125
3 21 125
3 22 125
3 23 125
3 24 125
3 25 125
3 26 125
3 27 125
3 28 125
3 29 125
3 30 125
3 31 125
3 32 125
3 33 125
3 34 125
3 35 125
3 36 125
3 37 125
3 38 125
3 39 125
3 40 125
3 41 125
3 42 125
3 43 125
3 44 125
3 45 125
3 46 125
3 47 125
3 48 125
3 49 125
3 50 125
3 51 125
3 52 125
3 53 125
3 54 125
3 55 125
3 56 125
3 57 125
3 58 125
3 59 125
3 60 125
3 61 125
3 62 125
3 63 125
3 64 125
3 65 125
3 66 125
3 67 125
3 68 125
3 69 125
3 70 125
3 71 125
3 72 125
3 73 125
3 74 125
3 75 125
3 76 125
3 77 125
3 78 125
3 79 125
3 80 125
3 81 125
3 82 125
3 83 125
3 84 125
3 85 125
3 86 125
3 87 125
3 88 125
3 89 125
3 90 125
3 91 125
3 92 125
3 93 125
3 94 125
3 95 125
3 96 125
3 97 125
3 98 125
3 99 125
3 100 125
3 101 125
3 102 125
3 103 125
3 104 125
3 105 125
3 106 125
3 107 125
3 108 125
3 109 125
3 110 125
3 111 125
3 112 125
3 113 125
3 114 125
3 115 125
3 116 125
3 117 125
3 118 125
3 119 125
3 120 125
3 121 125
3 122 125
3 123 125
3 124 125
3 125 125
3 1 126
3 2 126
3 3 126
3 4 126
3 5 126
3 6 126
3 7 126
3 8 126
3 9 126
3 10 126
3 11 126
3 12 126
3 13 126
3 14 126
3 15 126
3 16 126
3 17 126
3 18 126
3 19 126
3 20 126
3 21 126
3 22 126
3 23 126
3 24 126
3 25 126
3 26 126
3 27 126
3 28 126
3 29 126
3 30 126
3 31 126
3 32 126
3 33 126
3 34 126
3 35 126
3 36 126
3 37 126
3 38 126
3 39 126
3 40 126
3 41 126
3 42 126
3 43 126
3 44 126
3 45 126
3 46 126
3 47 126
3 48 126
3 49 126
3 50 126
3 51 126
3 52 126
3 53 126
3 54 126
3 55 126
3 56 126
3 57 126
3 58 126
3 59 126
3 60 126
3 61 126
3 62 126
3 63 126
3 64 126
3 65 126
3 66 126
3 67 126
3 68 126
3 69 126
3 70 126
3 71 126
3 72 126
3 73 126
3 74 126
3 75 126
3 76 126
3 77 126
3 78 126
3 79 126
3 80 126
3 81 126
3 82 126
3 83 126
3 84 126
3 85 126
3 86 126
3 87 126
3 88 126
3 89 126
3 90 126
3 91 126
3 92 126
3 93 126
3 94 126
3 95 126
3 96 126
3 97 126
3 98 126
3 99 126
3 100 126
3 101 126
3 102 126
3 103 126
3 104 126
3 105 126
3 106 126
3 107 126
3 108 126
3 109 126
3 110 126
3 111 126
3 112 126
3 113 126
3 114 126
3 115 126
3 116 126
3 117 126
3 118 126
3 119 126
3 120 126
3 121 126
3 122 126
3 123 126
3 124 126
3 125 126
3 126 126
3 1 127
3 2 127
3 3 127
3 4 127
3 5 127
3 6 127
3 7 127
3 8 127
3 9 127
3 10 127
3 11 127
3 12 127
3 13 127
3 14 127
3 15 127
3 16 127
3 17 127
3 18 127
3 19 127
3 20 127
3 21 127
3 22 127
3 23 127
3 24 127
3 25 127
3 26 127
3 27 127
3 28 127
3 29 127
3 30 127
3 31 127
3 32 127
3 33 127
3 34 127
3 35 127
3 36 127
3 37 127
3 38 127
3 39 127
3 40 127
3 41 127
3 42 127
3 43 127
3 44 127
3 45 127
3 46 127
3 47 127
3 48 127
3 49 127
3 50 127
3 51 127
3 52 127
3 53 127
3 54 127
3 55 127
3 56 127
3 57 127
3 58 127
3 59 127
3 60 127
3 61 127
3 62 127
3 63 127
3 64 127
3 65 127
3 66 127
3 67 127
3 68 127
3 69 127
3 70 127
3 71 127
3 72 127
3 73 127
3 74 127
3 75 127
3 76 127
3 77 127
3 78 127
3 79 127
3 80 127
3 81 127
3 82 127
3 83 127
3 84 127
3 85 127
3 86 127
3 87 127
3 88 127
3 89 127
3 90 127
3 91 127
3 92 127
3 93 127
3 94 127
3 95 127
3 96 127
3 97 127
3 98 127
3 99 127
3 100 127
3 101 127
3 102 127
3 103 127
3 104 127
3 105 127
3 106 127
3 107 127
3 108 127
3 109 127
3 110 127
3 111 127
3 112 127
3 113 127
3 114 127
3 115 127
3 116 127
3 117 127
3 118 127
3 119 127
3 120 127
3 121 127
3 122 127
3 123 127
3 124 127
3 125 127
3 126 127
3 127 127
3 1 128
3 2 128
3 3 128
3 4 128
3 5 128
3 6 128
3 7 128
3 8 128
3 9 128
3 10 128
3 11 128
3 12 128
3 13 128
3 14 128
3 15 128
3 16 128
3 17 128
3 18 128
3 19 128
3 20 128
3 21 128
3 22 128
3 23 128
3 24 128
3 25 128
3 26 128
3 27 128
3 28 128
3 29 128
3 30 128
3 31 128
3 32 128
3 33 128
3 34 128
3 35 128
3 36 128
3 37 128
3 38 128
3 39 128
3 40 128
3 41 128
3 42 128
3 43 128
3 44 128
3 45 128
3 46 128
3 47 128
3 48 128
3 49 128
3 50 128
3 51 128
3 52 128
3 53 128
3 54 128
3 55 128
3 56 128
3 57 128
3 58 128
3 59 128
3 60 128
3 61 128
3 62 128
3 63 128
3 64 128
3 65 128
3 66 128
3 67 128
3 68 128
3 69 128
3 70 128
3 71 128
3 72 128
3 73 128
3 74 128
3 75 128
3 76 128
3 77 128
3 78 128
3 79 128
3 80 128
3 81 128
3 82 128
3 83 128
3 84 128
3 85 128
3 86 128
3 87 128
3 88 128
3 89 128
3 90 128
3 91 128
3 92 128
3 93 128
3 94 128
3 95 128
3 96 128
3 97 128
3 98 128
3 99 128
3 100 128
3 101 128
3 102 128
3 103 128
3 104 128
3 105 128
3 106 128
3 107 128
3 108 128
3 109 128
3 110 128
3 111 128
3 112 128
3 113 128
3 114 128
3 115 128
3 116 128
3 117 128
3 118 128
3 119 128
3 120 128
3 121 128
3 122 128
3 123 128
3 124 128
3 125 128
3 126 128
3 127 128
3 128 128
3 1 129
3 2 129
3 3 129
3 4 129
3 5 129
3 6 129
3 7 129
3 8 129
3 9 129
3 10 129
3 11 129
3 12 129
3 13 129
3 14 129
3 15 129
3 16 129
3 17 129
3 18 129
3 19 129
3 20 129
3 21 129
3 22 129
3 23 129
3 24 129
3 25 129
3 26 129
3 27 129
3 28 129
3 29 129
3 30 129
3 31 129
3 32 129
3 33 129
3 34 129
3 35 129
3 36 129
3 37 129
3 38 129
3 39 129
3 40 129
3 41 129
3 42 129
3 43 129
3 44 129
3 45 129
3 46 129
3 47 129
3 48 129
3 49 129
3 50 129
3 51 129
3 52 129
3 53 129
3 54 129
3 55 129
3 56 129
3 57 129
3 58 129
3 59 129
3 60 129
3 61 129
3 62 129
3 63 129
3 64 129
3 65 129
3 66 129
3 67 129
3 68 129
3 69 129
3 70 129
3 71 129
3 72 129
3 73 129
3 74 129
3 75 129
3 76 129
3 77 129
3 78 129
3 79 129
3 80 129
3 81 129
3 82 129
3 83 129
3 84 129
3 85 129
3 86 129
3 87 129
3 88 129
3 89 129
3 90 129
3 91 129
3 92 129
3 93 129
3 94 129
3 95 129
3 96 129
3 97 129
3 98 129
3 99 129
3 100 129
3 101 129
3 102 129
3 103 129
3 104 129
3 105 129
3 106 129
3 107 129
3 108 129
3 109 129
3 110 129
3 111 129
3 112 129
3 113 129
3 114 129
3 115 129
3 116 129
3 117 129
3 118 129
3 119 129
3 120 129
3 121 129
3 122 129
3 123 129
3 124 129
3 125 129
3 126 129
3 127 129
3 128 129
3 129 129
3 1 130
3 2 130
3 3 130
3 4 130
3 5 130
3 6 130
3 7 130
3 8 130
3 9 130
3 10 130
3 11 130
3 12 130
3 13 130
3 14 130
3 15 130
3 16 130
3 17 130
3 18 130
3 19 130
3 20 130
3 21 130
3 22 130
3 23 130
3 24 130
3 25 130
3 26 130
3 27 130
3 28 130
3 29 130
3 30 130
3 31 130
3 32 130
3 33 130
3 34 130
3 35 130
3 36 130
3 37 130
3 38 130
3 39 130
3 40 130
3 41 130
3 42 130
3 43 130
3 44 130
3 45 130
3 46 130
3 47 130
3 48 130
3 49 130
3 50 130
3 51 130
3 52 130
3 53 130
3 54 130
3 55 130
3 56 130
3 57 130
3 58 130
3 59 130
3 60 130
3 61 130
3 62 130
3 63 130
3 64 130
3 65 130
3 66 130
3 67 130
3 68 130
3 69 130
3 70 130
3 71 130
3 72 130
3 73 130
3 74 130
3 75 130
3 76 130
3 77 130
3 78 130
3 79 130
3 80 130
3 81 130
3 82 130
3 83 130
3 84 130
3 85 130
3 86 130
3 87 130
3 88 130
3 89 130
3 90 130
3 91 130
3 92 130
3 93 130
3 94 130
3 95 130
3 96 130
3 97 130
3 98 130
3 99 130
3 100 130
3 101 130
3 102 130
3 103 130
3 104 130
3 105 130
3 106 130
3 107 130
3 108 130
3 109 130
3 110 130
3 111 130
3 112 130
3 113 130
3 114 130
3 115 130
3 116 130
3 117 130
3 118 130
3 119 130
3 120 130
3 121 130
3 122 130
3 123 130
3 124 130
3 125 130
3 126 130
3 127 130
3 128 130
3 129 130
3 130 130
