32
39
73
94
676
2391
145
444
337
182
319
207
232
264
370
278
529
391
453
3939
1200
674
3074
585
4985
665
1750
2780
587
1722
1119
765
1638
773
1728
952
627
691
709
3246
1769
1405
1688
4294
1368
1254
9284
4745
2762
1040
882
1008
1902
1229
4385
1093
3760
7708
2891
1423
1323
1778
1875
2042
3785
1277
1946
2502
5503
4063
1556
5719
1618
1193
5807
1396
10189
1174
2234
2629
16025
1480
2572
33457
3080
1505
2547
2717
2180
1703
4031
2656
1422
6387
3086
9625
1647
19568
2267
3387
3632
1901
8238
2114
2049
1829
2014
4447
21809
1913
1693
2085
5104
5031
2179
1928
3060
6611
2286
4354
3162
16408
3802
3493
2225
2556
2089
12761
2118
2670
7518
52567
26288
2324
2161
11043
2800
13508
4305
2802
7954
18689
7212
5737
11746
19233
5882
4593
7378
3149
3935
20061
2412
3170
3836
5642
2947
4894
31484
63707
3455
5980
2766
16135
4423
2882
16427
4717
16625
9751
68090
2779
4642
23340
4185
4372
3073
2905
35796
6616
3843
24032
3686
3088
4706
2885
6775
4381
10813
38037
9554
6841
3355
3018
11198
3143
6030
7163
26331
6623
9833
20033
5112
13558
3452
5816
20528
20616
10551
9313
10655
3409
11975
10505
5721
14361
5053
9632
5847
5662
88000
9860
22086
3981
6892
45147
6559
5359
5755
6505
45874
4341
4710
30965
13431
4405
5238
13555
7924
9490
24201
8830
4872
97153
32452
5188
19711
8087
5823
5236
6279
4799
20240
33650
12702
14492
25494
102735
6914
103531
4891
11476
9474
8128
14920
13146
6313
4586
6732
7013
8885
5535
36321
54671
6810
4456
6142
8552
8573
37102
9272
10223
4912
18950
8054
6722
5574
28467
19098
16325
7760
29205
4883
4931
9036
5388
39368
118665
6587
9172
8069
8536
30204
5250
6364
6092
8658
20289
7279
6235
5920
17896
20648
10474
41834
9714
14022
5323
6662
12815
7911
5915
7209
42949
7136
8120
8694
32484
6519
5293
16497
9499
6265
7330
7914
44484
9491
26928
5435
33954
33927
17091
12477
7591
9233
10667
5940
8675
8237
7327
46463
6637
6688
15678
7824
47145
20216
11025
17921
5728
6502
8037
8042
8096
6878
14548
20984
6700
10522
7342
7113
21072
12285
29780
11409
6239
37465
10147
8370
6638
8434
6315
12572
152927
8525
153723
25741
9044
6162
6774
22194
156113
8259
156909
9275
6292
26375
15900
39683
6892
9928
6996
8408
6391
23138
8145
6814
20394
8662
7086
6555
32855
10924
9151
27680
20690
23692
7570
8799
8818
7600
8861
14034
8400
42312
17007
6837
56814
85501
57078
7761
10122
12262
57543
10167
19250
9663
12427
6994
10950
7049
9266
44107
7367
59099
19656
14896
7774
44719
7162
179596
8164
10005
12092
7557
10751
36403
10782
12178
15230
18353
16723
184372
184767
10919
15467
7406
7416
16955
10417
15662
17058
62752
188751
47323
15753
11854
9075
13626
11255
9586
191935
32043
32105
8051
24180
21523
38865
12972
11485
17757
13056
12284
49176
8576
24702
19808
15259
19879
