10399
9404
7881
98296
17852
97899
195280
7783
16200
10767
16160
48294
10156
16077
10146
9128
8290
11917
7905
47595
9501
9991
31461
62780
11080
37513
9881
8512
20724
14327
46386
10900
10854
10244
10255
15339
26251
91413
22788
36427
18177
11368
60407
7212
35974
9412
11192
8111
7112
13713
13805
14789
12626
10392
7958
25109
6989
14584
11629
29056
12408
24841
24663
8654
21434
8190
7206
21488
21443
34058
8533
33865
12968
9965
11981
41876
55810
28013
20899
33290
6686
6587
16549
7154
14907
163859
7777
27043
12563
54107
12472
11487
13465
11386
8032
32060
7563
7199
9286
9901
15810
6301
15698
6835
9733
10443
9094
8195
15492
154291
10178
51139
25518
8011
6607
16903
75845
37741
18916
75274
7221
8334
37226
14927
9276
6410
10431
29466
6684
12207
13222
12079
12022
28977
36086
6281
7164
6356
6156
12958
6163
20183
7857
140757
6342
6111
46585
139165
6569
34577
34449
45929
8018
6812
7170
22654
5623
27091
8483
11150
44663
133595
5301
8817
14871
14578
5700
65698
8154
43555
130012
43189
6169
5859
14225
63952
18197
21286
15942
21149
41989
41824
5276
10356
6176
20706
5157
6877
5125
61114
20320
7653
5782
5061
8542
13267
8022
59539
14885
13156
8989
23490
8364
29071
5296
16548
6885
5503
5712
5969
4546
11241
113286
7125
6561
28078
22322
27631
4950
15900
12259
6547
54772
27307
6085
5929
53973
7668
106910
8950
6333
11855
17454
6150
4500
11673
14787
51825
6481
20383
6079
6757
4405
12626
5284
5021
9105
5866
3932
19573
19869
16309
16112
8717
6852
5038
6436
4873
94972
3782
11767
8634
3931
4248
7721
6220
5419
6053
30368
90601
30099
89805
7528
14975
6761
5596
4030
5532
10760
3478
7149
3611
4196
8487
4207
5650
9293
27880
3935
13896
5117
8325
20396
3245
3508
4213
3817
6105
4406
3136
3894
3180
4240
3536
9409
15158
4215
3597
75070
12341
4962
3179
2910
4814
2957
6002
3536
3561
3677
7006
3202
7754
7721
4044
68702
2938
3965
22529
4452
9534
3915
11066
2697
10795
3609
4538
21261
2733
9055
7015
2901
4030
6215
2450
20273
10097
2730
4249
4540
2661
7367
2755
28710
11508
7141
4025
14044
13936
6964
2362
7681
6801
5349
8823
2480
4324
3707
2126
3403
5040
2211
2267
2174
2182
6981
5384
47994
4756
1857
3901
15541
45999
5774
2980
2826
2897
2058
6230
3238
1740
7083
2346
3736
41217
1752
1610
10036
2080
1822
1583
2492
38037
1575
1685
2047
4099
9071
12017
1554
3838
7017
1474
2050
4183
1387
32465
16010
5214
31270
1627
2056
1771
1432
2069
2093
1133
1906
1298
27296
1182
1724
5311
1357
1386
3109
1001
3052
1829
2164
7578
2527
873
1696
2630
3008
6986
1130
2731
1072
1783
3076
1871
1764
2843
761
900
991
1193
5087
1034
1470
4706
554
594
6501
4194
1519
11773
11374
1829
746
1502
1441
444
2957
453
1538
401
520
282
455
285
242
356
2510
2284
455
224
828
777
2618
215
71
58
182
41
12
0
0
