970
37 800 248574701
47 524 275352741
575 825 269097669
126 969 324098422
127 505 246688343
507 777 308105362
356 949 242178103
275 287 291182442
37 125 315655334
771 908 256814048
405 854 279852521
104 700 285813072
186 473 276455102
698 895 269901027
286 379 261203432
40 177 298948149
265 663 240430427
414 777 291353995
458 706 248641476
22 323 278089384
182 220 329259434
77 189 270539372
795 919 320537109
213 947 288728646
490 583 296475654
282 395 254906401
59 89 308965135
781 853 319731392
378 753 330148934
83 523 267797101
390 618 245455281
366 421 244706483
167 786 333953031
3 36 245054066
258 812 318728687
107 873 305970224
509 866 319391219
356 744 272785492
87 815 294435411
22 729 300739219
106 144 240983708
386 610 244485612
220 584 256128921
300 326 261744083
349 487 302815119
469 830 296300428
338 604 334435369
94 601 265661379
696 710 295703764
146 243 334365976
202 231 322376264
121 817 278434425
195 197 264416738
284 623 257709213
328 897 256026143
50 610 310497442
584 924 249125765
288 615 267401698
211 658 325627527
678 923 329562132
648 654 295719276
429 879 279934188
301 823 279534669
57 495 311078023
237 274 321647241
307 606 255756118
93 744 260565473
237 326 294430737
664 916 319392308
233 545 296623542
311 864 296703558
265 384 265724928
405 444 310907137
570 628 321356873
614 915 267010225
364 445 303121073
558 772 304454013
643 966 310746135
720 740 320124127
380 638 278142776
99 338 253628660
245 631 304360255
697 868 278210893
154 674 285211859
129 801 243581318
609 767 284223268
128 147 266438775
472 733 285310729
45 392 249594992
262 503 297568412
356 903 290470509
539 577 322459839
80 165 326642702
676 702 320659891
298 678 283077652
44 567 269609314
72 462 286159267
234 940 269033330
98 885 251526571
105 751 252391685
338 442 265227884
370 914 313613296
142 363 281108755
375 495 331800700
343 558 278847704
486 702 319563910
453 958 249864259
540 763 266860908
607 716 316510900
188 344 281526017
117 709 305008209
194 821 296129333
310 812 325584403
46 146 320975718
124 521 278700247
354 462 288838481
506 699 281797251
154 195 247580345
230 893 318644032
600 666 285326371
4 911 300295940
65 403 287894839
240 342 266635986
169 600 314243793
286 479 291528368
339 968 248843490
686 793 296475238
481 603 261986951
31 580 243584484
339 841 301733688
399 479 327557333
217 608 261201277
576 729 286016079
78 352 282617185
189 553 324705324
137 689 327707509
367 620 292750113
842 907 293778186
589 770 323483301
7 651 312664182
68 125 259149630
635 756 301059598
81 513 323813420
2 362 288952399
535 745 315811093
121 623 277349756
280 384 271714210
564 861 291091948
51 430 269410724
552 854 283961882
347 608 240358914
372 705 260256413
103 450 289162657
103 920 286446016
169 916 332356546
832 919 274570347
260 877 332207484
356 434 280404699
384 697 245850117
200 721 247194685
483 710 314516885
550 677 336154974
75 438 306195523
562 950 265562440
154 644 291883294
302 541 264730935
598 787 299839610
432 724 261077182
523 610 332127822
246 862 315426838
13 548 273658117
240 605 255051502
27 943 315162897
42 583 260803003
526 854 265858015
640 831 272714648
147 224 311341327
705 905 243508739
564 941 273458640
498 509 320574435
159 349 297704508
106 967 293859583
648 921 295825333
63 141 286118908
299 596 273724422
151 726 283796027
333 829 245378945
185 915 260112006
457 621 266325959
527 898 298953746
724 946 327137243
316 839 291893632
425 722 324766269
364 562 324084942
18 69 271452275
84 555 300666305
424 479 320695666
109 921 272885353
299 319 320545378
282 460 273602889
4 634 299940519
869 895 261612683
172 402 326679827
425 785 265263519
397 680 289710761
109 718 300001505
576 904 257638416
642 715 272727325
879 963 292047970
98 383 324160846
48 675 327783668
421 591 288316134
313 781 241144101
37 602 315601256
9 969 318811451
15 212 327841350
382 431 291637558
96 504 242186649
348 659 296743803
201 906 257689626
293 912 275692052
325 786 325217566
34 152 261410855
234 855 323825948
367 838 301742740
510 970 241860560
328 509 279693105
114 808 320903082
226 887 251936824
4 373 293291292
604 626 266177240
512 553 292532948
723 925 288982053
71 675 266172873
91 123 270443689
322 429 300871717
356 533 331335650
110 580 285166619
304 792 335723009
19 827 323569280
8 250 243970766
697 819 314067210
752 766 304493581
323 650 265863197
116 640 251915692
623 763 245667376
251 743 282780412
107 421 254086831
507 749 307489938
839 891 243065727
294 521 323889401
196 419 245961216
82 425 306032711
838 887 292584091
447 508 319954003
161 561 319279380
6 355 294352870
572 809 327302821
463 530 264821602
24 906 251012498
214 423 328375862
240 951 317332898
203 394 282004859
55 689 321591828
525 638 302332632
412 777 258094088
275 365 290547061
769 874 285206211
166 524 319972844
184 620 280580602
628 820 247050086
875 946 276534970
353 518 289733820
26 894 327656838
92 126 261572555
6 411 335257838
150 725 330652103
232 917 314351812
246 782 315100779
32 674 252399523
43 521 242382814
363 866 256495785
174 521 317183023
137 166 289823819
501 839 245887179
393 413 286634152
497 537 285817379
312 329 244083580
187 744 318209909
471 656 242933761
149 535 295779267
98 338 320536346
420 931 308317844
133 732 254454784
921 925 333404369
186 669 295846233
453 717 300338115
494 771 317443947
584 939 272400504
33 723 315500002
89 355 298013851
183 669 321771060
219 697 322897034
3 289 297433983
15 911 301466068
692 870 277141723
190 330 280931094
16 833 255840330
81 155 261423720
712 795 266544979
115 482 300807031
102 558 273418683
367 893 268817960
404 483 332521723
320 654 323737042
297 961 264317725
237 617 290276092
190 662 332157884
650 824 319093005
379 952 273018829
327 772 328025262
174 746 294507614
646 854 310325642
577 626 326403162
338 674 284971378
691 905 313989309
240 593 253429307
213 888 292605550
437 575 278194109
168 921 248564722
44 958 292129976
337 592 330399291
171 878 316824171
549 593 330237703
171 293 271803837
545 653 331677908
288 854 258157200
839 908 248018427
392 457 291858711
85 729 268288773
521 854 310312857
389 763 318083703
12 853 301392392
62 319 253987519
670 944 290411370
180 740 253495479
261 579 264897772
48 679 313064241
418 717 255983452
246 787 261233254
304 898 303491135
459 929 302126861
680 811 310162931
125 637 311213173
378 848 336557900
551 851 318145713
1 721 274603056
258 967 308968366
755 823 272207021
312 542 303839427
239 539 276976829
39 450 309162049
653 763 251649709
23 139 250581345
103 446 257092477
163 483 281224540
509 914 319225822
28 387 289470074
79 801 312805278
739 952 315310430
689 968 265004824
219 398 314740471
759 893 301402153
675 790 321187781
48 391 251621021
530 660 284534405
825 886 245757997
789 859 281726977
488 952 248850536
331 639 246881646
724 863 286733853
684 706 246936253
16 295 335829374
324 367 262348897
260 784 258516922
799 833 268105738
487 580 273746751
544 932 312646813
335 520 260371430
19 821 259755212
73 338 298809541
67 465 323586270
684 898 295122182
667 849 284204121
101 422 253169485
425 921 242678301
358 755 307654340
484 676 277329492
90 433 270193839
189 734 246506278
219 247 276682065
252 654 315345657
856 944 302296249
601 805 276837017
358 383 274189735
70 654 243947180
305 429 267435277
344 667 320529184
616 859 282512991
791 944 318733001
66 289 258972063
468 638 302890916
514 954 330478051
400 843 301755953
19 604 294070521
94 840 251899308
328 662 305663499
648 900 262240355
444 649 286450169
8 592 287923430
385 682 266229087
569 778 248248251
566 604 297547668
801 900 323188015
229 929 313563577
721 858 307756396
52 818 288304282
87 833 241442742
630 945 302443853
114 147 325006845
594 963 301882178
65 813 283349261
581 663 317695666
740 758 335934212
288 614 332853735
352 375 240527710
206 774 255338192
125 344 327003859
8 205 256040245
590 593 243729048
86 176 297893219
674 964 296058448
485 895 334594295
15 601 284366423
386 553 310080427
601 604 304674831
270 551 251999112
243 711 283756162
291 772 299538741
43 560 251440081
436 760 281357085
292 793 260958856
108 499 255090335
236 456 318866461
559 586 279438097
223 517 333574714
497 876 261125974
48 754 272387621
606 684 242382391
637 946 296385907
93 401 297628442
139 668 295546405
127 443 286888200
229 854 296076587
376 393 260460378
571 830 255384166
382 467 304589305
178 356 246105721
106 968 247220305
866 908 258583944
67 968 249244341
109 605 259473407
109 173 323915794
420 828 312568673
313 519 306250789
42 45 301791766
199 645 272199347
246 648 245431283
801 881 320169602
456 852 301037338
348 882 266911313
334 637 245565687
278 620 306315475
33 798 305140846
149 200 321967578
112 647 319160221
55 396 298413011
428 740 309068380
358 530 270052443
532 608 241720872
88 899 283602158
627 754 326112234
45 536 264183109
213 579 269477752
11 672 299874002
464 723 258965404
483 739 336015761
7 610 252432762
907 968 259276437
715 724 317507245
331 361 279139283
418 628 249150914
760 866 295056511
854 965 323405317
478 852 301073622
40 953 331105903
80 911 314625858
15 377 256212272
845 866 313564144
93 810 257675679
50 768 241715409
190 531 281541116
294 406 290776200
304 913 249112368
199 460 314051025
317 845 272639582
17 625 297001862
598 874 259486296
102 480 316394498
156 838 273439608
58 534 321068813
139 143 314227433
39 654 253700599
542 655 336098477
28 127 316998299
400 904 268842644
254 407 310551184
151 342 267234154
56 144 273909448
374 582 333218556
213 220 264354833
207 710 281475590
10 933 267107079
267 294 250765060
322 522 250356467
119 869 246477633
115 405 314155569
308 717 244250077
684 753 300949284
140 181 280691890
204 729 262329695
238 519 326569489
201 630 249599081
228 654 273434650
328 337 295408749
502 809 332819787
575 646 305143948
18 413 254335213
524 622 323281006
311 695 259275250
19 729 322673020
162 638 293066374
369 638 282649975
37 834 291747109
139 337 285822722
163 804 274140506
524 599 246320902
36 897 321132932
169 927 269019779
323 719 264310548
100 925 280021325
35 640 247728138
340 652 306970958
604 921 322848054
475 720 302493296
303 627 258540615
285 958 270882342
72 192 270143046
297 967 323292333
30 883 268942439
354 857 302341603
836 876 268772314
741 931 297350888
145 764 254945067
765 923 263480257
109 710 306636385
15 235 306024880
427 632 244868981
273 410 276713382
675 770 335535874
75 960 278533899
270 708 301223097
245 246 252174633
253 964 309674408
492 586 249642269
779 967 263923432
624 901 269975024
25 540 295087940
296 834 274133471
86 661 330185112
222 826 333595397
742 789 315227213
160 720 286739731
611 677 320333795
413 866 242186983
509 958 332969668
128 564 291890808
671 888 293337702
74 370 308640341
166 681 288739483
455 927 296527692
388 854 262440627
93 637 329407292
830 928 270274081
673 907 294278253
383 407 269588262
13 105 266261837
745 926 251381021
477 504 286913645
19 689 249444177
110 880 276850312
136 739 299141269
646 698 290556098
710 796 244122842
350 674 322544948
313 921 263737781
383 426 334992025
682 683 302849813
138 811 312022263
442 711 244157516
182 904 282313864
242 638 300544030
633 902 323140168
176 585 314906913
216 288 266696231
255 453 247074129
456 562 332372181
114 170 326973320
417 442 298606183
311 465 272908540
200 674 306629392
416 440 271890082
309 862 305525578
508 884 322002258
676 680 321634954
86 750 276667319
777 937 252899757
131 957 277997008
386 969 304504639
106 402 294682919
600 689 259354447
135 782 295245918
531 860 262510004
313 705 290529814
85 910 266122614
405 448 256672439
401 922 269703738
470 620 294005327
128 326 254349595
29 667 270771023
451 708 289516510
500 944 249374525
16 511 303760902
918 968 280505383
81 775 272125150
276 443 276726014
640 921 304176229
671 716 328951413
101 521 250055867
219 636 249635290
334 509 283347215
150 960 326672760
350 353 282488098
5 378 251263157
184 218 268626488
247 956 311163058
306 924 269414220
359 435 321662150
113 380 322080227
148 706 259436442
220 321 257328614
708 958 260470181
504 654 252132870
374 890 287622607
748 864 264022391
18 408 309979164
104 587 248845547
6 936 260874190
175 879 282813090
378 942 276051653
298 317 242851705
140 164 276676761
814 878 319367039
583 954 299420554
132 912 321575353
128 357 286328615
848 917 306008092
491 521 244285251
474 553 324188566
743 866 263197860
125 193 318477092
53 724 272270070
109 854 293894347
453 919 275195850
122 623 245677951
133 577 299436420
653 676 330707737
747 789 264324094
803 925 317937863
461 895 322373655
654 683 254320913
130 807 299067313
328 332 316888453
648 896 268132544
354 757 331889967
769 794 315729284
292 662 320133404
611 647 252331510
14 931 333602378
28 968 261750984
157 386 266114564
104 811 296601843
476 519 300642785
702 789 327733223
335 490 298013903
223 275 336555969
58 309 311704127
22 959 299321399
528 653 261690358
865 926 324839363
698 740 334386197
147 925 319297440
244 733 297842174
131 925 255918732
578 737 292515221
736 821 307127604
595 774 279667239
248 868 328475110
412 846 290229235
507 586 259099034
111 846 335653062
593 693 321740197
38 154 244391582
866 899 244231623
515 724 271846921
148 902 259686136
283 472 245493589
179 601 334548001
902 955 325407112
608 854 262428580
100 502 263459059
625 655 291581305
602 704 288999005
400 935 284590413
378 415 290553467
701 749 266686394
96 354 269258195
20 380 280900931
508 576 298422099
657 695 326400662
152 706 258416363
816 892 253245810
506 696 272927848
415 435 296696661
55 558 275367633
249 333 261651911
783 930 293028320
153 733 282697896
749 806 304170139
190 346 283589529
95 215 250549943
196 210 248825597
11 433 331626153
369 597 259794343
27 259 294141194
573 893 250523255
110 612 303055699
451 563 257325483
90 509 333553865
574 684 316888021
430 653 293220528
57 703 326160179
309 554 300657584
315 906 324187050
319 948 255060883
242 611 303609645
238 293 278225251
766 908 305232614
275 500 321240941
339 738 322427725
200 273 246768213
436 933 273742009
336 419 257048275
81 109 287646297
453 876 266331417
605 656 310743917
163 707 308068988
483 889 317880162
266 766 294633316
212 409 273934823
64 834 257251931
26 558 254393803
269 330 271163532
221 934 281498578
643 951 305027246
486 780 260612010
735 813 305620718
219 325 300886673
731 852 255593602
234 416 305679411
586 847 270622879
242 256 250667615
62 839 334964733
416 610 308426621
78 279 251667642
366 764 291746424
938 968 277908934
211 574 305679161
235 538 243019935
338 653 303663101
454 689 310541948
97 762 271468261
158 557 264462210
349 962 242246646
146 774 302253435
76 789 327579055
249 441 278399060
328 659 264084777
21 249 302720594
556 782 289634849
675 797 251970952
414 481 260333995
202 539 336384872
456 931 318065184
298 568 279451386
381 584 263042566
669 777 267558588
669 870 315782036
142 618 325177023
44 850 336109259
493 547 263709434
191 686 317513090
95 376 244582532
331 958 314335571
565 771 324799083
405 509 251578456
127 221 336426709
210 450 293868391
60 224 245301514
190 632 240854906
557 606 286050387
319 826 326161192
555 789 257947017
561 769 313207166
105 311 272601495
384 604 302521187
679 714 297662271
641 787 330764444
22 120 282010351
344 489 274966130
328 543 258028416
577 788 276814915
429 674 259150434
117 653 241868872
340 413 303909761
168 368 284487976
690 968 287234890
484 613 243105668
856 968 289930685
269 493 242240975
348 776 249443127
578 730 288590561
7 688 330235457
260 944 272110098
244 932 289251128
487 675 325974278
802 884 334980509
318 396 266627879
452 918 307290394
209 840 282107111
86 777 302828047
134 932 335385231
546 721 323345721
711 728 311991733
711 833 273734431
773 810 293444539
228 629 247935139
398 449 313563086
263 601 308437086
103 807 294724768
54 738 270960585
198 689 267121572
510 519 333608498
241 291 252828680
264 351 281570081
360 912 311989929
466 935 301540199
567 844 270228362
433 756 265716543
109 208 271840823
45 363 272952673
37 40 243164838
331 375 244893822
453 835 244931715
685 870 248244559
469 968 300290335
45 818 290493310
710 749 336065283
19 733 260946726
154 349 320258140
837 912 282368660
337 867 334884733
109 542 305328162
371 389 306790754
694 906 319036408
639 871 289211168
227 690 323892032
118 805 258493958
316 822 331745108
561 872 336330396
272 940 256230824
61 414 292501733
80 529 286232799
813 907 247582693
314 925 315870034
821 906 306836299
326 727 291382687
341 669 307357564
193 619 295752688
19 75 286268629
26 277 320097640
687 901 272282734
320 901 278206255
85 516 332770359
345 740 324149681
349 730 272411526
459 588 241064086
499 632 286518642
249 925 280714714
7 55 333488814
256 958 252351745
49 947 318564932
238 290 280368464
259 818 334632396
31 665 288415149
214 260 273832388
648 684 250473091
362 449 299115952
541 850 277595329
93 456 251490184
203 384 336438409
431 715 297493614
257 292 297499782
720 890 318639872
181 963 321072570
41 146 259205877
225 760 256070890
139 439 277887162
287 909 241835577
667 713 328169751
123 446 271732167
156 397 304267923
543 778 303063390
351 595 331626235
141 821 284545068
284 460 299038496
421 831 292128494
149 609 260794544
816 845 258507442
281 637 311028323
271 702 249014992
320 930 306874741
503 684 284861762
292 762 287913345
658 761 263739418
632 883 331424631
182 355 320082346
268 339 319010209
496 908 273061322
