4954
480 528 637842682
1773 2082 623190986
777 2842 631511828
3124 4703 610611363
793 2493 635522005
3512 4724 639379391
654 3472 637777439
1930 3097 607127029
2031 2426 625713175
1320 2186 628784627
3803 4703 600471837
1779 3211 617024840
1703 4516 631449058
2279 2351 597726710
604 891 604212449
893 4902 617062392
889 2888 605004671
4411 4878 606781466
2320 2768 611010342
2932 4038 632121711
1223 3974 620243687
296 4678 604114346
2857 3666 627391877
2922 3791 639374600
1158 4885 641774876
215 1393 606629620
2344 2770 596677045
144 399 614477798
879 2686 614367175
1980 2802 636855959
1098 1519 614738114
1387 1486 610865859
1635 3761 635700649
1307 4791 616581789
141 464 600207175
3558 4740 627740971
247 2528 630266010
238 3199 620543838
2167 2974 613035633
438 3964 633101135
1827 4496 603509277
1095 3788 632256447
2331 3651 621045562
3001 3779 601761445
4354 4428 639895597
19 1808 599026483
330 818 618861429
764 4343 621907113
830 1386 625267742
726 1053 603957369
274 711 629346766
1178 3886 610993253
847 4542 632654923
1162 3410 620579647
653 2812 619116849
787 1929 606340336
1225 4715 625064141
3711 4440 600157849
1836 4816 640098671
1903 2318 640540034
2316 4003 607515033
3338 3787 622454058
114 3344 601183478
488 3150 608622467
2257 4120 642348571
828 2349 642272085
192 2507 619961829
378 4872 620618339
661 2389 635471067
4119 4182 635738938
326 4643 622536178
1240 2726 640276035
1724 4633 639903145
3619 3985 605380623
1547 2567 635441043
2970 3381 605264019
569 3979 610112496
841 2819 625852180
724 3581 600249901
1685 2332 630143516
910 4553 637792536
2509 3271 640785003
2033 2212 621621468
320 795 614001671
1953 2863 615497263
2361 2459 616314455
3936 4269 637402005
1452 2553 600544367
394 2359 611022262
9 986 616610752
2067 2698 600205059
525 2835 627970922
936 2045 614967393
743 1077 604320330
3736 4591 597304434
3186 3519 601603406
2795 4530 598823230
1247 2637 604547514
1687 2817 599932782
2458 4691 600256805
1344 4621 635357472
1926 4120 638361584
1046 1884 626610939
3811 4359 625652734
2002 3870 631125791
100 1007 613453052
333 4873 609126140
1031 2786 638453261
956 4873 617498742
2606 2697 609102019
2145 2158 608635417
1244 3468 627630544
422 2966 635998792
630 3075 600736590
1555 2248 641374576
209 542 641650273
279 441 616531407
162 1129 623627869
3817 4123 612376622
2722 3067 608709956
1978 4044 598816533
18 2543 629605230
446 1797 604881495
1926 2158 619089564
718 2167 642265995
290 464 629390603
1439 3035 642048846
747 3211 640450914
740 2091 633995471
2843 4222 600121224
814 3641 603059589
1790 2156 617446543
2201 3887 634555731
1240 1477 618649890
1332 2512 597495305
1096 3649 630086456
73 4094 600401510
908 4249 642308821
1032 3481 597662342
2008 3901 596899332
2479 4487 607748574
2474 4006 606020083
344 2749 623270137
538 3473 613342954
870 4340 625728369
2842 3968 613855779
57 2770 632773962
363 2043 607746202
1086 2990 635418437
1865 4749 634905531
698 3692 619474342
431 524 599629075
1419 2915 620224206
2636 2639 602891306
171 1674 632912926
1628 2634 626164790
1700 4693 636113028
3174 3999 642102432
2956 3283 599422909
2748 2876 636770931
130 505 608643458
492 1937 614499294
1942 3887 607970109
1748 3980 640057780
3296 4338 611376410
304 706 598172247
2995 3486 610962381
627 1728 635810036
486 1269 639264064
2294 3160 623246518
151 3419 624174305
3746 4713 621816223
312 3982 615203069
944 3307 628155272
1888 4229 602779164
318 3176 640894498
2798 3358 633217494
1246 2052 628042408
862 3143 607526978
1691 2872 603668653
3720 4378 597827683
3360 3695 641369857
1203 4856 634736404
2253 4609 628716591
1655 2428 604819042
2012 2929 609999925
2086 3237 616600777
1544 4510 638744965
786 1550 621676840
3627 3891 604068403
1231 4248 624210652
498 3121 632069806
4021 4138 608266623
346 4393 599063125
3398 3555 625005051
1137 1497 634489638
946 1864 622215754
692 3447 601035406
1600 4467 641060115
2369 4303 603932664
3748 3764 599541404
2628 3903 641155365
1056 3609 611694061
1375 2086 615340507
2098 3096 602976060
2417 3587 602604709
2581 3667 621419812
2509 2691 600781816
1446 1690 625391590
1076 2307 609807307
1663 3613 629768804
1599 4008 599659290
2731 3757 601953597
1268 1646 607552598
3159 4886 637687164
457 1100 620282914
3244 4652 630895900
3716 4004 642170935
1865 4246 605479202
2114 2319 601541222
2724 3512 615025052
1490 4258 628514014
1584 4207 626411985
682 1187 614586260
984 4227 630742668
2933 4238 641630090
2438 2545 623672166
386 1088 602712998
2376 2658 618065084
100 3978 612132707
1224 2412 619541788
2804 3216 621324979
972 4936 616576028
3003 3182 618189881
786 4265 604775408
1574 2312 600786107
28 1792 635541079
132 2505 619077857
2174 4113 629305775
638 4084 619490362
785 2094 597519261
358 2659 600688357
562 4475 623796004
147 3459 636177466
1716 4539 599989946
2684 3791 626144452
3000 3964 610017400
26 4476 614193785
2242 2417 604918749
810 1094 624422003
1472 2417 638756665
1425 4381 637504434
2 1675 623264125
2334 3789 606024612
288 2762 626765353
1736 3286 641016281
1296 2570 620182935
707 2730 622773676
1982 4879 640870376
1534 3125 625066047
1894 3889 629337376
98 4331 619946757
550 3184 640364408
2235 4923 617536785
2190 4726 613717387
3487 4087 639719872
1581 3492 611352067
1637 2947 617821605
256 2119 609375445
2086 4191 630546840
1342 1721 632499196
500 2770 632938793
546 2650 613880461
12 2398 631050301
2050 2339 627695963
1421 2591 619325587
1419 3098 630290580
3633 4017 637022413
4000 4940 616876438
2583 4352 631148475
363 2662 616903045
52 3764 628635973
3518 4936 636599566
1446 2336 633412058
3449 4119 597063010
2280 4641 607987913
2904 4826 629367684
878 4674 639708031
829 1559 630027074
4538 4873 624229273
1585 2443 619652172
89 4192 610131880
268 2614 641202768
1028 1448 612736346
1329 4260 619428075
4134 4892 606201598
3811 4922 637645983
1150 1657 599591101
2405 3193 630597000
920 4295 627171893
2254 2702 600974565
639 4847 626190626
907 1922 616863141
2792 3189 613163759
95 418 617872299
2320 3882 605299773
80 3408 607623044
643 4315 637364023
1170 1919 622124443
1862 3918 632080571
3330 3402 608028617
595 4786 601261388
1011 1449 598700792
2008 4828 611366812
4210 4444 599955579
608 4652 603980071
621 1880 602526589
293 2489 624270426
376 466 626074079
159 3976 617793741
1134 4630 610862283
3592 4275 616312946
578 2609 626707073
845 1902 610290036
609 1411 636812554
3371 4023 601200178
1154 1945 630397340
1298 3323 637232965
1143 4925 624281894
1555 1718 629143025
3116 3602 619950340
88 2207 604277392
1695 2158 607987201
536 1730 631175063
847 3040 641723567
51 1611 605407820
152 3291 622019328
719 4196 632118665
59 4796 629698956
3235 4548 601464931
2382 4723 635759845
1230 2676 635724653
2495 2973 602380192
2374 2837 639209487
541 2934 600951654
3569 4056 631150794
145 2949 601530639
969 2345 602668278
2237 3550 601274334
2715 4686 615424038
456 3556 641538169
3587 3784 610333658
1720 4563 599802221
532 3142 615643850
1631 1994 621908183
1249 3184 608427706
2378 2949 612475254
30 3919 606780123
136 204 617574466
2604 3041 617809475
412 2941 620256414
2668 2830 636843480
859 2274 639565739
2504 4373 639507796
1346 4093 622897657
2594 3011 607281686
2276 2762 641843755
1784 1878 607620547
672 2000 620308086
4255 4423 635272732
395 2856 614346833
188 4815 601821516
809 1443 599114211
2214 4801 622298986
1248 3617 631902294
704 3091 600179900
159 3090 597684643
1976 3844 629053177
528 4027 614597257
1191 3461 621120764
1327 3815 605293572
705 1873 599305210
2780 4305 624123176
321 1941 596908707
123 4495 607168879
2970 4908 624944541
1772 3031 620371349
1326 2614 604586071
4241 4490 641518745
237 3083 634384084
1345 2834 600415923
1205 4486 604463102
515 3309 623938566
1357 4407 613162995
821 3576 614195550
94 2247 637411993
1444 3458 619485125
1239 2548 639196389
293 2443 606466871
1414 1904 608383133
2871 3254 607890525
2275 2842 606233042
4397 4504 639973647
934 3487 638075352
3348 4839 623480259
152 4003 638337413
42 4707 639082067
1918 2870 610642559
2769 3521 634232600
345 4588 639756049
4855 4856 610414995
1175 3691 603684383
806 4293 600833339
3579 4613 636229397
412 3250 602977684
521 729 640001071
405 2645 610884208
573 4567 628955248
915 1089 609989602
1227 1863 619860911
3220 3953 638096416
203 1435 606316250
3416 4242 610573557
3010 3542 625737817
179 2492 609981381
2166 2945 610855117
1760 4402 631576111
539 618 596837864
520 3762 623475396
1985 3047 601024719
2062 3516 629024530
806 1802 599683014
1639 2923 639495904
228 3997 635490303
271 791 596656090
1277 3384 637271012
1646 3175 605112392
1423 3794 627024127
851 2974 628568635
135 3736 622584196
4662 4684 622190393
136 3748 623987969
4414 4850 624941495
2822 3378 626753274
693 3282 639843766
579 3388 600908231
3279 3405 605737385
4679 4700 631837398
346 2906 624117332
1467 4298 597016513
687 2211 637680613
3280 4936 597186780
1385 1625 633347208
4212 4294 611167666
879 2058 618938890
1292 4846 599600879
2875 3440 620450333
2346 4716 610449155
1784 3320 598607302
1899 2599 607528324
1528 4362 633470144
1208 3100 616648142
2263 3036 629193994
1002 4228 620870444
1944 4677 601948245
1992 4712 620221869
1594 2675 606813140
2752 4951 603459407
436 3505 637774550
1881 2870 631328309
757 2840 609555889
2092 2485 610087854
505 4261 608506654
2533 2615 619838586
1261 3672 642426338
2168 3634 624154111
1943 4742 619381678
643 2732 607945742
364 1345 631273816
606 4869 613297930
1835 3404 612091081
754 1770 605765893
1776 1788 604298663
633 3152 625235620
2190 4741 598326945
2086 3840 598742981
2943 3288 622362254
155 1829 619330808
2071 3533 628807506
2068 4329 616182379
307 4900 616738518
2262 3776 635679912
2089 2257 634721324
2695 3253 640283212
1940 2617 632736385
2273 2597 627380353
1305 1509 598966483
895 3503 622220487
3323 4277 606059839
798 3165 604089978
353 1364 618360282
2196 4101 630389677
2240 2650 619387795
601 1585 601536845
998 2454 609176162
1968 4950 633684859
534 4024 604984311
1809 2592 610562968
415 2223 641855938
2021 2434 618373921
2613 3656 610529379
297 3593 628548241
1651 4505 604815864
1476 2814 622766399
1312 3707 624512266
743 1003 604725351
3374 4523 629145175
3069 3228 599506355
662 2898 607166725
513 1550 641392929
983 1727 609929824
1456 4332 625132763
2097 2916 598859246
1059 3444 636850970
586 3272 632618593
4289 4449 613954915
3076 3398 603361350
3379 3998 637054036
383 4904 619359294
75 3404 625200068
204 4562 642413062
168 4868 639820686
251 2113 616296111
476 3784 622190977
132 749 633144320
1020 2177 624263489
3676 3841 624269974
3152 3675 632145553
1619 4617 627550293
170 1953 633579331
1022 3213 616482988
2139 3425 637376508
1227 2330 622860805
3727 4740 628869815
64 4691 609104294
3845 4007 610181899
1969 4166 611059262
1028 1372 609440534
52 2959 601318025
1748 3674 638458449
3629 4813 617217972
4258 4669 600750171
758 3675 612305825
2541 3285 597809050
86 4152 608495167
82 3718 627728485
2780 4208 635703264
2411 3184 638752468
2940 4774 620362717
833 3970 629035717
1414 2567 606065589
813 2704 605922591
2721 3352 622846776
2948 4396 600787625
802 3874 608660639
379 1014 638719938
1144 1229 617150612
1219 3945 623230689
1031 4291 634901592
2537 4867 641750511
995 1539 603862834
1062 2699 598421762
10 3432 621208199
253 1999 630559916
3092 4730 635550449
1088 2223 639693843
3058 3687 607846164
2772 4604 634484559
1468 4078 622203167
1908 4106 611173526
998 1865 612890170
2245 2988 604653484
45 1406 624247071
2377 2627 627323557
1739 3472 635407892
3002 3514 631115580
2425 3038 628034453
2758 3869 628419562
567 2457 598325102
233 2314 624587041
2439 3979 615565482
3058 4577 615845921
1652 4671 617041399
336 2259 628085063
330 4281 599715561
1511 3347 606887558
2182 4298 620191783
2994 4333 634908157
755 3637 638324728
1165 3437 608370637
396 4529 619257899
369 3371 611987344
1631 2251 639592918
582 4867 641136847
2338 3899 600682152
3154 3699 624281335
4230 4808 608134348
158 3012 617802572
2373 2740 620913095
2057 2299 601910741
3400 3625 621009308
2107 4006 627501642
2090 3454 617143858
302 1717 613448177
1099 2320 629719828
3760 4481 609671696
1831 2964 604447937
1486 2203 600071042
2319 4424 601512288
422 791 640799032
808 2067 630903822
1163 2946 624551384
663 896 602413915
3344 3826 634068210
285 3068 606413284
1316 4640 610788836
629 4269 636834433
984 1339 623034433
520 4207 597409257
3351 3409 632185624
534 3709 604162750
1769 4459 629325175
1865 2861 622690959
1816 2905 626597030
1990 4085 630658455
4266 4703 641644200
1161 3338 616565229
993 4415 615779944
1335 2757 607900947
1930 3920 621930123
650 2227 630792423
1209 4889 619822581
494 1804 604601706
1247 4132 639384754
2569 4130 638544936
1748 2172 597491515
683 2763 620566874
523 1945 637606254
259 1796 624007382
1667 4004 629638647
164 706 606687985
1964 3501 617394152
584 894 607678006
2544 3973 631895414
623 922 636218009
710 2713 614788917
335 914 626443774
2603 4017 639218210
202 3878 602949368
2000 3993 611074028
314 4679 639082070
2402 4799 624916113
1074 2999 622196504
2403 4824 630677389
832 4058 628373440
1277 2228 601066615
481 3899 627525078
359 819 611537246
303 2424 637134679
3084 3296 597812456
433 2343 601572805
2360 3909 613628121
2053 4322 629109427
1818 2850 631894410
1297 2644 620476021
1143 4325 599163610
1517 4915 641247347
2346 3835 627823949
4064 4117 620928977
1949 3183 631359919
2114 2300 641716407
1386 2201 621558791
2305 3793 610829834
386 561 628848201
4034 4798 624841797
1255 2141 608711165
975 3709 626955623
3137 4625 619118825
571 4064 639726248
4269 4369 620109003
761 2150 621839590
185 1710 635486941
1485 3988 610009089
2202 2769 634144650
1233 4006 603118303
2109 3814 601960377
2165 4528 612737654
2787 2963 617218388
1220 2200 608659310
2675 3472 616552203
1291 4611 629488164
1684 1855 601267020
859 4747 628600555
1050 4533 630236967
352 4418 623203731
2529 4243 634949075
2010 2127 597639043
3667 4128 630550644
2932 4696 604676883
1517 2419 608139773
2175 4062 613006679
2475 2965 618672570
442 3525 636068621
3221 4950 607159678
1368 1995 609009356
2143 4216 642296160
1512 2686 608265452
332 2729 615620757
616 3313 618102617
2479 2986 622985491
3943 4086 602148230
2038 4227 606475908
1571 2532 619142403
911 2404 604737162
1062 1214 628292628
432 636 611865481
2895 3748 630073145
762 944 621484795
1570 1712 617797507
2960 4867 602352458
3323 3981 603063035
2022 4849 636892191
732 2083 616449723
71 4304 636473254
2002 3355 605158808
2314 2358 617028612
1039 3834 637890642
1613 1720 602873712
1497 2366 638206301
76 3828 632362444
1515 2133 620931736
1917 3098 613222392
3048 4671 606522987
611 4583 610678183
836 2202 622131497
399 2984 636801276
913 1023 603010968
2226 4086 626188612
1109 2668 609311601
364 4861 626590097
2761 4926 604614295
2839 3797 627087740
1504 4826 640095971
717 3145 605309144
2503 4852 598815706
1093 1551 632065606
1638 1842 622897654
630 1311 616669949
53 2952 640490769
965 3258 605082924
1390 2538 639687923
535 1754 620863966
1845 4125 628033265
736 4178 617375632
2499 2877 627087089
879 4188 608639541
780 3799 610627569
2394 2882 614424865
29 3096 616947653
4584 4893 602540159
1079 3437 627765806
1836 3439 609784955
2273 4392 607308330
721 4673 600135038
489 1490 618057834
78 275 611131747
2295 4768 633254769
1786 3891 597684096
813 1051 597474047
2665 3338 611598037
1402 2345 601220623
2282 2566 641640551
653 3131 600700915
451 1102 635390061
154 4499 603698681
411 849 629943338
1087 4602 629696044
3345 4004 614518500
3708 4028 612566329
2046 4750 616181872
2622 3532 616281523
74 4888 604595444
2422 3080 637887037
1577 2833 600434329
3279 4947 608648786
4092 4764 640376618
884 2434 640640641
2248 2803 629976956
3088 3122 618855225
36 1220 626551045
1025 3097 616438242
4197 4836 633898479
529 4569 627435987
3931 4555 618325953
1672 4274 606591310
1369 2512 640588834
3841 4134 640883795
648 1817 635645185
1020 3914 637741264
2594 4262 608559544
2732 4744 634255186
3937 4201 630497739
2940 2952 637433311
854 2157 634149065
150 3460 617996158
1616 2381 625617110
143 2964 616588527
1372 1771 620697817
1541 1722 604603915
1270 1303 615097872
428 441 610623435
881 1998 619750073
2707 4149 635539424
238 4237 597596629
3755 4206 634427787
446 1085 601938115
1864 3881 624580643
3107 4864 617468774
140 4136 641797268
1875 2967 598849141
54 1218 601126998
2419 2931 638778638
1086 2230 632795036
4324 4429 601475581
414 3898 633132121
2915 3540 601871274
537 2969 604691161
1711 2058 642087359
1894 4356 612445826
3094 4886 628172049
1777 3329 637179620
1539 4674 638931403
660 1611 616735784
3300 3819 617167248
1131 1866 616171089
3137 4278 597275644
1361 3645 640683120
997 3764 605439320
3224 4113 627141913
3 3393 603609876
2841 3871 597820825
3567 4899 633950242
4472 4606 617328077
452 4536 630356555
1470 2754 604148399
2650 4426 607253653
231 2986 608763755
1078 2928 639065179
1202 4768 598101719
194 3704 628350323
9 3114 598323874
1987 3454 624065087
2658 2730 605609273
475 3248 609230934
816 1459 619773722
2879 3165 601602201
490 3740 621452684
1766 2013 623685784
1762 4703 599061864
126 3370 623398989
2221 4856 616106446
2129 4746 627272390
1789 4672 635110106
1220 1366 612922669
420 2053 622749116
523 2737 619726173
2770 3040 615405103
634 3854 619093290
1015 3608 618251495
1749 3784 642212158
567 4243 602232939
2157 2476 640887620
2779 3488 600807134
1902 2975 605863360
2463 4795 613388057
55 915 617301346
12 363 641709320
3220 4568 596960144
1587 1704 642425395
1114 3541 614103447
1845 2360 611559002
17 2190 609125459
19 4621 611121362
3164 3503 613361745
3604 3848 618957551
4299 4412 628050655
1104 1319 604441393
809 1036 628750853
2732 4871 610746742
1101 3170 602598216
2355 3133 624156097
308 962 613250186
506 4425 615961782
2102 3336 599879762
1324 4867 620764271
624 717 598251700
378 1555 631955061
509 4643 608234357
533 2064 607588799
520 4295 624428988
1856 2202 601951108
1019 3778 620911894
1531 3892 607747218
1421 2927 607856490
791 3786 633772763
378 2497 615173031
269 969 627141971
720 1132 639619498
1087 3919 621079339
1974 3528 604176284
2424 2445 606011867
752 4912 610032666
715 4400 628528394
2587 4865 634552918
2193 3983 599882226
199 3475 608879800
3365 4496 602044809
3337 4927 612910138
2234 2245 608962940
2808 3976 622177966
2467 4373 619152263
374 3308 600808028
1959 1975 614288908
771 4661 609290961
1978 4226 639076590
1389 4928 596931304
2807 3580 599768730
1658 2392 616422673
108 317 623893214
2378 4484 600626021
1467 3417 629323259
1242 2952 622336963
1031 4213 599092791
1513 1578 611316198
447 2524 616266828
3531 4768 641369255
857 2563 637132888
3409 4458 617726381
1147 1238 637566012
1061 3896 641361250
2080 2373 627429263
1912 2363 623031669
3549 4299 632325290
2533 4945 629680165
217 1063 617610768
3988 4747 600373353
2521 3221 601829229
2293 2974 617920811
4181 4415 635743861
520 4539 638250860
3966 4451 611954743
662 1049 637057754
2248 4202 631400629
308 4336 641785715
790 3452 634436290
2558 3109 620695443
830 3942 603052433
127 1162 604585702
3602 4076 635637798
367 4884 622911029
231 4431 613240218
133 919 633321217
1035 1849 631201656
61 362 630248927
1297 1809 624997907
249 4473 639608640
183 1408 599427018
1448 4591 605522441
7 2368 641228512
552 3794 631303535
3166 4536 627124508
732 3136 605758007
195 4553 596704646
938 4025 638517048
276 1500 621976689
1946 3841 623214224
1247 3115 613197109
466 3606 641230283
2728 4425 627525051
2034 2284 623290302
642 2739 633581188
782 4511 616785388
1350 3123 630673198
1710 4725 610860262
2260 4399 630166856
3667 4633 604938301
1153 1430 626904716
3313 4934 623114754
1451 1751 620869118
14 3084 615071194
3060 3096 625219365
1042 4812 616516348
419 4769 618107087
3511 4275 627420851
1810 4680 616269148
4028 4302 630692052
565 2428 632524894
2275 3600 632012821
4766 4839 626229214
614 4300 597040005
879 2929 611396708
3877 4325 642065696
1000 1364 610338144
2643 4079 636300004
1506 2687 606427814
4179 4715 597917313
2791 4912 609957445
2587 3556 612921940
3714 4016 640334403
1896 3869 612193346
835 3839 616309795
2372 2727 610377202
1847 4251 598945903
1086 3081 625150476
664 969 597014845
1451 3521 641664114
2578 4205 641012486
3159 4436 638035311
2832 3878 614687245
684 3769 632593751
853 3049 611323975
1816 4213 614026959
3198 4929 598033513
1273 3383 606453547
1552 3972 621920246
679 4193 599582391
3449 4659 636304872
819 1546 606001588
687 727 615810026
2925 3395 632543585
902 3304 617980318
860 1597 606585901
863 4442 631281794
298 1930 600171954
2988 3836 623638004
987 3418 604356399
772 4660 604807170
1285 2241 640061175
691 2813 638423034
4732 4925 606011910
2270 3433 601640262
963 4009 614426769
3414 3458 636745143
118 4172 596693227
577 2620 618712872
1329 2105 622223215
3152 3533 617864098
224 1289 635376546
731 3324 601080964
3059 4410 624887487
322 1539 641237134
40 1664 602825228
1325 2978 632642414
545 2641 599932062
1961 3458 611151702
2309 2906 614071841
1421 1725 620602165
2462 4398 630475773
2103 2667 634496754
2125 4399 622470301
1934 4412 621514239
2860 4226 630642568
364 704 617867827
1199 1788 608058139
2600 4240 636518089
1131 1852 641045161
1832 4520 599764143
3226 3705 609457229
202 3932 604325066
2673 3078 603700601
30 1426 629681364
163 309 641058439
2895 4070 640934538
776 4778 620657326
1016 1312 630568547
1775 4584 634112618
1706 4747 628229952
3926 4616 612078265
4085 4548 607090423
1199 3071 641299797
3190 4064 604050277
3919 4874 622812242
873 1784 641750181
2937 4666 597939893
2708 3749 626555976
2279 4679 627673781
219 4771 620937708
3097 4481 617545036
1472 1560 613682954
1561 1732 598342547
345 4760 616098849
760 4192 629769520
341 951 613137339
961 2974 628992913
4541 4842 608994759
1604 1740 617032494
1326 4666 615146382
2969 3936 599216889
667 3000 597995065
2631 2648 609582499
1698 3319 631635350
2566 3216 620318075
587 4251 615966985
1067 2052 605211943
3961 4517 629536995
1467 2523 613327769
1028 3812 629022031
1072 2075 625244255
1550 3435 600883168
2610 4739 641087827
44 3191 617284291
658 3276 641792832
2079 3158 621155886
3757 4612 632845986
60 1029 613806110
432 2385 640781818
454 4645 640955966
2408 4401 633970053
3575 4766 613560013
521 3635 621048899
1354 3661 617093355
3049 4075 603075212
709 4332 617506082
100 1531 636842006
1841 4712 611385160
1887 4745 615537914
74 107 637688705
1193 3633 628894229
142 3898 638467882
166 833 618635495
338 1809 634751181
1816 4187 598608981
2613 4054 610548655
1563 2598 604907421
131 315 619775220
1317 1930 625353898
121 700 625502443
2023 3688 630964990
3366 3665 607125215
1950 3184 635665958
2295 3337 601847449
1632 2502 622072724
141 1806 601613867
1699 3913 611266077
1518 4848 608189294
1721 2670 640450883
187 4930 615592584
3829 4310 617430068
3030 3641 633919196
2490 3594 641985652
1494 4755 597676367
99 4388 599794266
1537 1662 628251399
303 3212 633787024
91 2647 621560848
1664 3987 607124495
55 3050 618355884
133 1047 633404859
930 3011 641096907
214 2998 636996848
2314 2687 642027250
2143 4144 609168107
2397 2731 630529894
732 2441 639422795
1228 4615 639978316
451 3885 619500342
1310 3976 610307681
4312 4851 634796554
3704 4676 601827722
604 2000 609936334
3273 4927 606680781
1604 4571 628945984
1556 4730 614058255
2321 4767 612553172
2484 4837 610885458
281 1259 610271259
55 1278 600961094
4479 4494 629509095
581 1714 631067748
1386 2989 631033253
739 2793 615905142
468 3792 625964249
4680 4731 633460719
2595 2982 628272299
3994 4851 599952070
1030 1277 604721115
1104 3132 625386465
2885 4328 612491645
2058 2241 629369617
819 2672 625341256
667 2947 604309533
1165 1179 641547382
2473 2660 633136672
4399 4637 610348116
908 1498 604811756
134 3526 627791698
3449 4605 636988043
1534 2744 626634536
1197 1217 599253579
541 1536 636461440
829 4054 607204382
1151 4468 631647723
3905 4389 610642848
2072 2498 631930422
1218 3328 607242964
2251 2365 610987005
132 4546 604394421
1407 3104 640497810
352 1805 632569371
2714 3215 610227027
1595 2625 598058111
1602 3379 598745156
3230 4639 607172334
1835 3806 641643892
1301 3062 613373001
3773 4764 596676854
2065 4819 625443504
250 1973 632407437
1279 4251 618412464
2967 3599 612423552
4136 4218 630718971
2462 3220 602671866
438 1068 637306003
730 1715 605585019
3037 4414 633974534
1174 4647 639006339
4588 4754 632577792
241 4179 625434931
2698 2854 614247454
132 3307 619730953
429 4400 607580043
61 1161 631476367
773 2597 612317217
249 3880 602245397
1490 1603 638857711
3228 4889 628418379
508 1078 619403198
1617 4284 633936616
2063 2765 611801034
900 4064 614454608
1015 1513 630990455
176 3507 603893973
1020 3243 616879513
4381 4463 640072816
503 2185 628613509
295 2236 639603281
3480 3747 624034524
1817 3042 600188066
448 2570 633053979
1056 4053 611311088
4451 4702 623463354
1557 1678 623161027
620 2072 613565456
2059 4380 607936922
653 3407 597835311
336 1078 619841185
681 3894 606803055
2912 4511 630133718
2588 4699 630455025
1583 3164 623723824
3863 3980 635554406
1901 4124 633525934
311 553 611644095
3449 4898 641196117
693 3313 616951997
3542 4404 630958199
1639 4560 623884147
1732 4146 604649485
1609 1977 622621540
3415 3631 606082782
2756 4120 627254077
697 1418 601687454
1972 2504 611527243
1688 4317 636831371
2481 2549 605669032
1212 2838 625849131
2195 4128 618508456
879 4274 636499270
549 2880 617362411
2320 4663 625975523
438 3381 636088810
1100 3304 627633523
692 1627 639449246
2239 4378 609645417
3331 4723 611305550
1599 4331 618268952
237 2840 621763145
4160 4225 597449117
2210 3756 636692645
2780 4736 619357630
3421 4835 631227272
1096 3950 636587140
2569 3506 598849176
4482 4655 613136312
210 4832 613596269
428 3878 635941810
667 1528 642275302
3753 4235 612206377
807 3440 606715962
2045 2189 607961938
2499 3748 634591395
132 4255 596678425
4711 4765 600576378
43 3159 622563014
1516 2311 610775790
1620 3923 613197789
1080 1775 636813359
1005 4499 638374211
2007 2734 627343467
1664 4161 619443416
3482 4583 637495707
744 1251 598295052
497 617 612162531
1057 2953 613979152
440 2786 627980795
3521 4385 632752156
915 2621 620704272
1069 2877 607363508
324 4937 636055346
831 1374 607919165
2150 2930 640514736
1775 4467 640953370
641 1419 621817852
2135 3979 615985430
4257 4418 629014318
313 1298 597226880
784 1238 634034015
3936 4391 601462933
502 682 611778367
2331 4380 630570145
2522 2639 608797441
2983 3889 621171848
3991 4260 597875160
328 406 610477973
2292 4536 609671451
805 2709 607575450
969 4254 635051433
31 2155 606033623
51 2498 629157767
1516 2250 608363568
3886 4453 609503658
472 3127 611320035
68 4204 607856423
91 4853 606089529
1707 2118 608050798
4396 4678 626779187
3938 4703 608077481
1498 1523 608225761
360 4591 636525681
1305 4255 624167297
761 4036 640675248
190 4609 600999397
1277 1729 637029003
935 1873 610060251
1358 4135 607538489
674 1889 618534025
800 4314 602238072
3652 4890 615015246
539 4123 617051014
3270 4243 633405277
2138 3554 635440259
879 4112 625738131
2303 3592 637641712
1197 2575 623014323
858 2479 601709244
1114 4264 632365168
2910 3712 634727239
4249 4610 610183248
42 3862 607951341
2898 4099 620249539
2352 2728 620580729
3501 4646 621699866
3447 4207 640094839
1851 3725 607599348
1512 4020 612266385
2042 3154 617024082
2049 3896 605369367
39 1717 601025687
34 778 632782151
1276 2267 621000482
2070 3299 613708707
662 978 596884872
3891 4567 617670840
2415 4348 635604665
2192 4692 629678733
494 2141 606636041
620 4645 599626839
2037 4060 630481541
1362 1660 608562739
1899 2475 620904673
2736 3407 615220142
37 1562 607759682
426 4827 611222714
1136 3804 623497712
2884 2930 609645457
85 2435 600052338
4606 4912 636499991
909 1926 615854052
3306 3821 606827099
1063 1831 615611104
700 2504 596785349
2246 3364 601891341
1010 3547 617322573
1727 3634 623081356
903 1167 601017682
867 2411 618999769
2863 4766 613792663
1347 4346 635057845
3383 4044 601119208
3373 4015 616032759
1754 2712 603793722
2035 2686 634072896
2721 4086 629943877
168 2609 638613598
651 3023 600672479
3428 4826 596760396
631 3990 641048731
1656 3577 613671395
2218 4142 602911406
2471 4042 620780776
365 2608 619413571
2430 2568 599523380
1581 2772 605570135
2188 3095 630926632
566 2166 607678005
2463 2633 629120983
4253 4672 621243459
1212 3256 632303496
563 2595 598422219
468 4056 620741018
1402 3219 634800000
531 2702 618190518
3259 4309 639928964
1482 3591 614040773
2576 3171 619952390
1197 1838 627926425
972 3543 632706725
1732 4167 606468714
996 1872 625263510
742 2307 602960146
3974 4129 599781598
2702 3568 622367221
806 1463 633223432
1626 4034 622183599
3137 4600 602737522
2036 4889 632191392
2005 4906 619258762
710 4896 607752813
1824 4220 611991937
355 2986 615402495
456 3138 601943467
824 1830 604445721
3184 3561 600972216
995 1215 625607800
1607 2888 635776458
2566 3353 606950964
1357 2219 639607077
1031 1336 636218680
2239 4059 609878246
1197 4191 632727203
1033 3513 597038548
451 1755 606715192
316 1950 616506085
156 169 640796349
4082 4652 606871688
2857 3691 635436491
1667 2096 618831379
399 3656 598415156
2253 4454 639409853
1091 3948 620074517
1470 2898 601482235
1315 3332 626900986
161 3447 638504063
2257 4054 631231739
2440 4358 597179399
567 1262 630770762
1300 4369 603507105
988 1047 616437045
1858 2150 619535802
2335 2891 632685613
613 3599 606698792
367 1312 622738354
2243 3208 602356560
1964 3960 605049458
493 740 628543183
626 1589 613020176
1032 2115 613432635
969 2023 619714018
2396 3718 630758546
4013 4284 599892595
857 4621 628674468
49 1536 600992460
1843 4809 638316000
1813 3681 642234740
1794 4844 597301535
345 1652 612181446
1395 1950 640270127
65 3484 606882277
2960 4269 621629347
1152 4767 626964821
3285 4291 603919549
1341 2947 628634012
1146 4821 598863782
80 201 621563374
2812 4537 616741656
2493 4931 628250233
4026 4664 613777486
2669 2708 606373091
3785 4026 635376730
2758 4308 622972098
1184 4199 624814205
1986 2994 626126797
1206 3492 629352874
3040 3104 620058643
306 2709 614520738
239 2056 606285292
687 3478 597306237
1092 1948 638136397
1996 3757 635647681
1515 2238 622285952
1874 4011 612126459
3494 3653 603653949
312 1334 629423301
1641 3636 606323819
1246 1546 614273729
366 3780 641910893
4064 4910 611924602
423 4528 610438806
1756 2385 598442015
843 1849 639431342
692 3181 630507985
671 1297 599741695
1274 4490 609398057
388 3649 604280558
3201 4888 604150905
1267 3097 604693838
4203 4647 608680175
3464 3766 615592376
648 3242 623305853
76 2706 607966500
38 4004 624066192
2278 3241 628128517
2004 2140 634584017
1241 2663 624161120
320 686 627977098
1373 1499 606173995
1590 2638 606410536
1764 3482 620749980
1467 3698 622934694
2789 4300 617752227
2889 3661 625406920
1476 3283 620944142
526 1336 605762534
3703 4352 622060458
4171 4425 637133827
4175 4470 620944742
1170 2929 613282357
301 1081 605061597
1793 2030 617210793
2000 4120 604132783
2862 4382 628176268
3476 4547 605022444
3449 4207 623245014
944 2741 625995110
499 1271 626963093
275 1373 630652367
2787 3752 639833652
1660 3609 603792868
1852 2095 599721049
3084 4948 615561309
393 1403 623549477
2054 2215 604734165
2283 2543 629306510
83 400 627264647
1980 2790 633130855
3061 4063 638162658
4539 4576 630730412
1297 3748 622287156
2318 4871 600648095
2385 4377 621717707
4504 4546 607092565
391 3988 636206195
3429 4300 638268456
1424 2272 607546485
163 1422 621912168
2383 4757 599006027
2082 2736 624850081
2952 4300 603543256
1657 3763 623601821
1723 4083 612153812
1664 4164 637275336
557 4357 639950238
230 342 635555150
2885 4289 639561880
1407 4829 612058372
1302 2565 607033802
2467 2968 613312887
1028 1056 631654277
702 4615 609637303
1191 4213 606692095
933 3238 611276159
29 4321 624396387
387 4953 615395139
3850 4586 609910553
1584 3046 605763802
608 854 615368826
2086 4236 632410265
1185 1303 620567923
3166 4228 615101922
132 1385 600216386
1542 3895 614353633
1324 4858 618226202
3017 3988 597360748
2691 3040 603035923
4148 4621 630574147
2738 3379 630354440
2877 4697 625774749
14 2057 625999664
812 1846 617257518
94 949 639432552
3451 3942 613057160
1205 3331 616460476
2801 4798 619777465
903 4042 614196194
350 2487 615323438
349 4922 611148940
1508 2366 633258200
98 1823 609020887
867 3185 630923593
893 2584 600784844
874 4940 605170984
21 1139 632036870
801 4528 638756791
233 4626 636541944
1077 3813 620057979
1967 3339 615187675
892 4423 642336821
2892 2901 637373476
2017 2910 603665367
1708 4069 632072502
2050 3325 600788413
3040 3144 609694910
3029 4599 624016775
271 775 639829017
1265 2808 627908370
672 2996 625411185
1574 4022 607334963
2423 4734 600225644
1521 2129 640263940
1922 3682 630530978
1216 2652 639943888
1075 4363 637982411
541 2322 624747806
862 896 617192468
954 2401 635771778
383 2051 619632643
1655 4695 632185950
332 1988 641272335
822 1570 603581720
1571 2311 604597989
2573 2851 626593413
1777 3165 636851162
1566 3221 603917962
606 3462 615481745
2907 3922 603861948
1469 4416 641021833
660 1400 634160490
4237 4888 639798632
985 2648 633804150
199 1073 636765954
651 2103 619585980
1137 3519 618770500
3044 3787 605086729
3559 3971 629586166
1639 3039 604457340
213 4493 603525754
2808 3972 640849069
2048 2962 606779562
273 3574 629633219
2335 4203 606396007
1318 3632 622501751
309 3741 622087119
3825 4715 602336130
4445 4674 629180131
879 2906 636596796
1165 2256 622736226
1949 4830 640725841
1478 2068 611523809
1524 2518 598258480
1374 1477 629229978
426 2444 631041336
2000 3157 621597641
1312 1788 637720526
1459 4207 637379345
1378 3664 604503803
2153 3645 629311344
1935 2385 599830912
2140 4906 628996895
2591 3956 598690163
167 2025 632263992
4200 4370 617475920
2557 3962 600537178
519 1172 609357160
974 3764 621590981
4787 4826 599304393
1028 4681 638499007
3003 4244 616565799
4685 4793 641589999
1815 2690 632736827
1964 2962 600634039
1737 2252 599527528
558 985 607449461
1137 2740 630320510
1795 1963 608274250
2796 3463 630713646
216 1817 609385177
1164 3184 627598396
617 2536 642088708
951 1558 619387249
441 2896 621663756
832 3919 601870655
116 581 626996349
3322 4802 605353894
2324 2642 603753954
1684 4414 598492077
1113 4195 604168936
3975 4514 619665434
337 3501 628994945
1896 3518 614693696
1406 3393 635270073
3489 3839 629504619
1830 2628 641287734
1906 3500 600496643
3545 4473 627205886
2559 4327 629743005
1247 4267 624514164
688 922 632541468
2461 3712 597435750
139 1541 634994876
3178 4614 613047170
181 1516 641409477
119 2906 613268292
2841 3558 630419497
1393 4515 638399988
1750 4554 603856324
35 2658 626991498
3442 3898 599034670
1517 3732 602644911
464 860 604718270
3449 4786 606589690
1294 4158 622247971
210 2575 608059011
1371 1738 615087910
1965 4920 632352532
1039 3869 606538266
685 2720 633551826
4005 4090 603897156
775 1315 609062628
1208 4912 629031260
1056 2565 599746771
667 1742 615521256
971 2091 604517000
2821 4863 630061800
2072 2409 599508901
2257 2411 601958391
33 1871 637497307
2734 4194 614984880
235 678 600378282
3382 4921 620409237
1657 2208 608926837
228 2942 616888906
1247 2544 636415316
1308 4404 614486811
804 4743 620387632
2357 4371 622608435
1728 4911 632496245
4624 4844 641114421
1471 4163 597904786
383 1726 616307577
3518 3519 601621367
3172 3376 640767127
1752 4105 601835097
1985 4532 639131382
2080 2806 619421620
3297 3523 597290673
666 1439 634151518
555 4527 610535903
1457 3331 621656159
2682 4716 611380962
1735 2108 607719784
739 2828 597325639
675 1997 621829663
3848 4862 637293497
2871 3867 627215129
2247 4353 610307020
1201 3703 640949738
841 1787 597491329
1692 4508 605945155
1369 1815 625550874
646 1721 602148178
2611 3814 632342587
654 3601 617594264
928 2864 604361577
1658 4743 614529420
1189 4321 640815569
263 923 598985894
435 3359 632188323
629 3434 610030280
518 2089 607061561
288 2453 615914000
2924 3916 603686497
3340 4740 605538165
1593 2753 605670606
1511 1746 634653926
3141 4630 614983632
1505 2360 626195405
375 3912 602817779
4719 4776 619190638
398 1760 613601773
375 1405 625377132
361 2189 617082688
977 3212 616209372
855 2010 626265092
1926 4656 631389446
3450 4705 630307618
3800 4054 598651609
1237 4761 630412410
999 1981 630455907
1892 2194 618693948
76 292 630050641
1073 3249 606516181
3368 4044 621826526
1112 3418 637620047
943 2494 600632216
1192 4221 624868407
3126 4364 625342535
371 1950 612042250
1151 2460 640012671
611 2630 632469631
4177 4437 608626212
3485 4454 599685436
3975 4798 608523792
563 1929 619099022
1427 3799 635344186
713 2304 606411512
2566 4818 597768115
2395 3970 622652628
3790 4151 623181841
2166 3561 637695534
4344 4954 631160051
2443 2931 614080805
1576 3418 617429580
3040 3389 601303892
3563 4242 610180470
1290 1797 626816360
466 1854 618121700
1652 3520 610754283
2001 2467 637964919
696 2749 635231658
734 805 635924949
141 953 640209830
1322 3929 608447494
2593 4946 605688159
717 1256 618951989
1965 4165 606722436
3268 4952 602010020
381 3387 613066550
1847 3104 613707592
392 1256 616714430
1794 3672 606675794
2961 3398 615319718
3339 4233 605313422
879 3803 640882671
3807 4486 641105893
1100 2530 633635056
2216 3534 640183620
3839 4007 601078676
879 2245 606930141
2822 4189 600231205
483 1644 629784163
189 2554 609917457
1543 2086 609232648
1006 3302 610907535
1908 3105 611407358
22 1703 608745565
1080 1409 630206456
1580 3475 602502324
2990 4546 639133441
3123 3519 641740315
1220 4512 596893395
1700 3934 627415997
2300 4536 616594057
21 4826 629560158
224 602 633336428
3753 4549 631911585
2666 3821 600088705
294 2627 607410531
833 1465 637407848
1437 3694 618231213
2380 3551 620147466
966 3097 633936769
1588 2354 625386642
611 4546 638770573
1433 1928 603243911
621 2257 616589130
4486 4659 597539996
4463 4495 638837387
376 1101 638155589
108 1761 639400584
825 3036 599167504
836 3253 630340671
1907 4550 609941509
3747 3843 602464127
597 2551 596697019
113 4255 631678805
2144 4090 602992444
869 4797 598188757
1204 2979 638114899
812 1339 605597223
475 2242 630893668
2904 4521 623376307
1200 2081 611238423
296 4366 639881700
2817 3268 639988666
942 4418 632322452
283 3411 632580510
605 3907 636564432
2139 3824 635599246
659 4119 634971461
231 515 605415434
1232 3535 630755467
3458 3803 630715820
1221 1271 599389374
165 488 607313894
2141 3616 627744450
1092 4765 631394685
1029 4654 632862451
193 3439 637749626
1327 1896 636874854
2197 2352 597421765
1463 2944 605817342
1233 3188 618955481
1959 3640 636126414
1643 2777 625082236
22 1579 626031440
3147 3148 620267851
3128 4009 623795125
1689 3447 625723467
132 1951 606343609
937 3724 597369306
1171 4334 601144165
858 4097 623630101
3552 4127 624277083
225 245 629736968
704 3429 639179327
2834 4857 642203894
644 4674 631259903
1401 2917 635973153
1283 3445 626965958
2898 3398 631331476
1527 3477 630337997
462 4804 618147202
1912 3095 633171800
808 3402 599055606
3238 4364 635975500
435 2705 613764717
2416 4742 629670691
589 3315 613415063
1563 2171 635541257
2511 4716 633043095
2666 4891 610844679
1434 1735 626084567
1927 2578 597198169
4188 4465 635802816
3083 3599 611229644
1288 2686 628612380
266 922 600552079
592 3264 634441243
2121 2458 638358846
1227 2972 639057986
6 77 599341328
1181 2911 633103019
1009 1180 634245418
197 3370 609953813
2059 4388 605957799
981 1908 639575899
1448 2148 642413207
3501 4266 632116315
2345 4520 639669081
326 3070 606642705
718 2372 631173063
1473 3226 614782060
1057 4055 620723842
2194 4031 636988211
1607 3300 632878859
2010 3287 617551148
764 4615 601222384
3715 3747 637684723
329 466 637272136
1742 3204 618673134
1089 3455 623214458
1713 4385 617805227
2498 4712 602386650
2659 2846 617837367
2553 4473 610799778
2059 2531 605807650
1186 2834 637302464
2213 3207 628343867
325 865 615684387
467 4588 634595774
2589 4069 640107116
1354 2116 604410417
4317 4441 610066949
2391 4407 639431696
1622 2097 606997097
2390 3238 611983011
199 1524 614116107
4063 4460 618768618
1639 3458 603290942
1334 1842 598843778
2605 4791 599442695
1178 4337 637467796
1407 2407 607909106
1145 3442 637277128
311 3668 600490122
1146 4814 615106732
321 3823 624033079
2099 3221 625907478
1495 3992 619343767
851 4564 624674900
1734 3764 601599793
260 4376 634939145
2247 4197 599849026
1252 3380 617373946
2460 4651 614175294
3228 3855 606207631
819 3326 610317840
1470 4653 628457936
2509 3715 628669547
3447 4208 609706078
1128 2027 628015264
2988 3020 601871036
2657 4375 604797208
652 3762 630004682
568 1553 606342198
1162 3234 602678489
1507 1586 617989813
4120 4241 601879978
358 3965 639962550
926 1632 629153027
3028 3725 600171663
1534 4880 605072565
867 4791 630591872
3147 3833 597933588
3056 4450 626463274
2951 4235 638351614
1032 2914 641698074
704 3580 620926315
2346 3565 621687939
111 669 614200153
995 2418 640806445
73 3875 623600531
304 2653 635100569
3801 4615 625116795
400 3792 642380065
603 2939 613388380
3636 4028 607366397
1355 3431 634250491
3535 3964 638950876
3808 4243 619446638
932 4162 610631999
1838 3748 628679196
945 4379 610589176
3554 4327 633675210
2255 3000 623857506
2606 3172 621164305
1373 1683 597194360
4095 4672 626748457
691 3298 636023952
2423 2471 622090009
2510 3814 607127488
1057 2308 622484316
2968 4655 598247135
1630 3397 600063955
2287 2474 614494896
425 4025 623266342
103 4654 607206248
3272 4004 638566727
3408 3879 618109054
161 2329 640116759
248 3954 624064418
2995 4189 616754446
2490 4715 619516493
1570 2811 601966803
2722 4258 623839367
538 3444 639831115
413 2994 599487987
2613 3742 605081515
2252 3655 605651457
120 1494 611052086
2298 4758 602281793
4190 4651 599573431
1515 1861 623187043
274 3613 612317927
1436 2047 627218584
829 2673 619327013
4217 4526 632921665
2456 4678 625054163
52 2689 642074136
504 1329 642171950
2011 4237 610470074
62 396 630508681
1470 3528 633687229
1696 1867 614401321
735 4703 614090056
3035 3265 617642905
2883 4119 638195209
3566 3596 599133203
731 1993 621637443
59 105 636065123
1089 4768 642342287
516 1956 606077233
167 534 597923505
3113 4620 598879256
1760 2967 635825142
100 2845 612472994
1336 2334 623245902
2024 2985 629584736
2795 3190 636018022
2411 4207 632688663
4017 4547 599603903
4150 4885 620000573
1221 3878 628090493
683 1572 608037230
66 425 634571063
1251 2960 615515035
3104 4658 616658753
437 4899 639561793
1493 2086 601691670
1893 2451 621514047
2703 4790 622157565
2102 2164 599761848
1911 2804 604916863
1272 2176 609346774
1340 4827 601352627
621 1872 637307639
1012 2757 632104765
1770 3809 598334930
4457 4949 601528238
481 1343 607498232
354 4213 640843279
630 1349 620861697
308 3194 641839712
1726 4319 628701390
1190 2481 628467335
2855 2904 614689365
653 3161 604827641
2990 3577 624556236
4714 4716 632081832
1341 2346 639902849
3664 3928 638136465
427 4553 608898310
892 1258 623272611
302 2582 602636832
1027 1827 634842427
1106 3047 618448899
844 4490 616961759
2701 4812 609765012
1669 4056 603905788
138 1577 623856848
4491 4763 629767681
2927 3066 639376758
2466 4423 606535022
819 3919 597980520
2729 4070 625708839
841 4103 631691541
3269 4385 609895358
990 3838 636554505
555 3512 616807599
2210 4533 614618322
596 680 605637331
1248 4881 634362154
231 2775 602875530
267 3457 597391641
2477 3919 598027626
3962 4306 627460342
3238 4536 615136589
1624 4506 621551189
4019 4178 638151481
3172 3178 628102854
882 921 602688640
685 4121 616976151
3014 4058 629205357
884 915 628927388
305 2669 632333615
2841 4699 609442340
1429 2183 623121355
4241 4704 617130463
258 4889 639557027
2434 2607 617706698
1369 4383 630348681
1460 2482 608184929
669 3890 638703983
3564 4221 642242320
404 4573 606771385
301 1208 641047752
3861 4323 597698304
1745 4244 641480309
2192 2812 633354418
799 1307 623459751
2620 2898 614755380
519 1676 597846532
3104 3324 642073746
15 3341 628112876
1213 1759 614806731
579 4290 630676572
4567 4752 637004650
1882 4149 624945456
580 4841 602910640
1980 3033 597894846
3875 4715 635361433
1950 4126 602480883
1686 3894 633831519
1801 3113 612598664
739 3946 637064129
435 4710 601423318
3816 4757 613243642
2406 2640 597718190
2470 4552 608044620
3085 3165 640419700
1064 3474 599620381
2342 2715 633349840
765 2227 607223626
3089 4631 636114064
1950 3311 634088551
1719 2289 610885089
1103 4894 602221266
117 2586 640510260
2501 3024 597896176
811 2396 606907722
2887 2898 620379148
1658 2169 615762293
1664 2702 601539617
3832 4356 618391105
1057 2118 606900052
2761 4495 623227334
2054 4896 636803959
1186 3321 599530730
609 3131 622677787
2449 4779 611157521
4081 4939 609134844
1970 3143 624368448
389 2015 615684310
354 3294 601079688
2428 3799 613373547
3788 3904 609235601
2980 3992 622985617
1306 3477 597110922
585 1828 612717613
2242 2572 604072737
613 3613 620372730
263 2323 614379243
468 4191 635130466
1501 2664 637146290
4061 4505 625516901
946 3721 605420932
407 3996 634089867
3087 4310 611970867
3150 4768 617221127
1133 3700 630276853
1277 3453 611483132
951 4477 620475966
2709 3434 635208993
315 4495 602594886
1886 2173 625580078
3131 4311 598178465
532 2419 611928301
1899 2569 600183751
336 3006 616186164
2820 3895 632194794
2130 4539 600984271
280 1008 612974112
4510 4711 641952738
419 4005 619365210
948 1402 608239046
3228 4668 619586772
3472 4649 632367060
3074 3203 596647073
690 4201 637364145
3722 4806 618599456
32 1438 620265639
98 3516 638739913
114 982 639504343
449 4306 597308036
2528 2566 623447786
460 1286 598822796
1608 4641 633249561
3641 4805 642032437
302 4241 632198433
2333 3081 634924292
1417 4235 626024499
1658 3646 634490402
1236 3258 600085830
795 2321 607659089
256 2107 632848705
164 4566 622527056
1061 2594 607148557
100 1492 616316968
2868 2876 634286897
3066 3846 613042654
148 571 613224252
967 1205 627718423
1784 2654 629836395
363 468 619346793
4056 4813 631014343
102 3814 617769977
2514 2547 628556959
465 3307 626143644
2564 4545 615402515
1392 4418 613035454
366 4635 612111192
1293 2950 613131836
828 2137 620251650
3238 4214 632905106
2473 4623 634866709
1283 4197 628789446
1908 4490 605287865
2133 4672 614553077
1661 2158 622482302
3085 4313 616297573
1491 3635 630103320
289 2224 626055487
172 3136 619639450
29 1662 611954039
1121 2593 626447367
3743 4759 607067824
2898 3584 631060590
1750 2016 601557232
1272 3130 634239955
2931 3658 631619536
104 4048 609804949
2817 4570 600992046
3140 3221 610259153
792 4717 623643140
549 755 621556059
2367 2479 597650729
1372 1406 613605282
448 4330 628879777
759 4426 639690050
1222 2853 637812600
2567 2619 615369396
858 3513 619613810
2150 2213 631414073
1529 4682 604820991
1655 3828 631369506
893 3301 635040418
3179 3197 628316862
2488 3124 631948045
905 4189 610533859
1160 2799 615692775
2206 2434 642078917
1408 1921 628279793
333 3064 616169834
3751 4134 603990051
2162 3857 615926837
1407 3206 622086565
318 3391 638339290
1228 1826 627146685
130 554 618746469
108 1646 611041777
2060 3775 618740062
1798 1858 617068954
2788 4070 613710600
2616 3258 631185810
990 4702 616018069
376 4848 604444176
1053 4518 639431025
119 2638 627014144
1348 2863 630261480
1998 3238 626472845
781 2546 632243511
428 1013 598661562
2317 2899 607557624
4255 4722 617970846
600 4446 638381004
827 3694 609113868
3077 4169 641494849
416 3218 635587073
3102 4465 635854475
2402 3560 621473182
1313 3274 606253303
1350 4137 621005776
3424 3599 639189949
1120 2544 597625045
593 2486 606117707
1894 4346 637291198
1052 3077 627079812
2130 4890 629000355
4331 4369 612573166
3085 4372 635878165
2643 4668 619769658
22 3376 618480071
4120 4328 632126185
3447 3739 628609292
1042 2291 617963832
1482 3569 625232678
1857 2618 611620908
2564 3020 614033014
1103 3428 620031087
48 4151 627809070
1642 2673 609307361
3318 3631 627983945
479 583 620139692
133 4497 640761561
3487 4592 623698033
1121 2296 620711600
3272 3603 609024705
2811 4783 621768801
3498 4507 617638660
1548 2413 620073898
2328 3510 630566149
1118 2474 630118670
1649 4317 600048410
847 3636 615954277
2872 4285 610893817
1561 4207 614230474
2432 3082 600064690
1659 4106 638687981
4296 4493 625870701
1137 1479 607226069
1282 2760 616192700
1829 2131 616469733
1733 2243 603533246
1159 3280 604947988
1205 2267 607604269
261 639 617874879
905 4851 640829735
1490 3238 630026045
1247 3735 602404717
2974 4409 597228321
466 4671 603652386
1718 4871 606350092
1527 3198 621704425
418 1609 616038906
2792 3494 611099917
2867 3988 608326014
965 4260 625094321
50 2371 612979520
3847 4431 602918411
2045 4012 635555831
4240 4758 621326517
1259 2441 635864080
1865 4400 620364956
1442 2949 624946513
4206 4239 621716512
1314 2257 600464049
1633 1821 606374683
806 1761 600546431
1911 4779 600397812
1331 1982 627647036
897 2297 621654508
149 3714 618572575
2370 4595 625336059
232 765 621219423
2166 2558 619637522
1208 4196 635885740
34 4098 618435646
3611 4411 625148725
1876 4032 622503364
2145 2782 631953229
1277 3612 619004717
2571 4287 612809946
2932 3571 624626044
751 1264 614905804
2361 4860 633717680
782 1066 605607902
1828 4239 615459268
220 4180 608441368
199 3784 628949460
1304 2474 623251979
4011 4458 623370853
1088 3621 600294562
1778 2786 616214000
120 1532 609459691
2015 2295 616486091
244 4776 635957423
1459 3470 605680459
1284 1303 633311957
1675 3668 641164087
4493 4558 630676178
3396 3919 623192201
782 4751 598698226
1532 4210 599737913
2194 4113 639098891
1686 3893 612846527
1796 2387 621228336
887 2751 606958604
1121 4100 605561358
110 1431 611187213
317 3277 638494865
1093 3110 637594555
2981 3038 638196818
1358 1915 633725090
2403 3074 625191042
732 4165 623788589
1155 1354 622692329
2286 2331 638231095
2703 3450 620177542
3498 4083 634229768
2744 3354 612527015
1301 4239 624935174
4283 4814 631909104
2734 3861 612364947
733 3161 619904550
385 703 603643582
424 2954 634167209
1350 1765 613794457
540 2578 600167978
2326 3275 628490235
775 4414 617808069
507 2781 625847733
666 688 624514818
325 1441 599969087
4421 4510 614603777
4474 4827 641775510
184 4154 606473377
2769 3854 633775863
2516 3573 635141975
44 4213 625012048
3012 3344 597123509
2783 3260 616792863
999 4134 633933488
2458 4540 639710770
2580 4479 618866831
732 1816 638971825
3307 3619 602638300
890 2614 626232643
2391 2436 599186083
1275 2393 596633855
1617 2070 616762111
463 2256 641678851
2295 4457 640809382
853 1548 640075434
272 4183 619394525
1838 4207 626327962
842 2913 617189721
2235 3131 623925116
163 370 607679764
1709 4476 633031136
1449 4198 629192983
3101 3266 614847400
2129 4278 604065877
3511 4519 630890198
526 1533 608675970
1930 3442 626281560
1819 2538 635376257
2104 4647 629774692
1166 1912 623295090
2280 3977 612272264
146 1225 619822989
3949 4588 634782642
2841 2931 601144842
478 4600 600533408
1089 2097 611128136
1861 2936 626094732
648 3104 603803398
2906 4696 608822648
403 2716 631092035
336 4073 637597675
188 3711 613129438
125 2874 615464572
2847 4061 616347022
3328 4342 606739455
622 3840 623418306
1702 3795 617370516
2386 4232 602899644
3638 3640 617168520
613 3702 632177074
4414 4907 631126729
2872 3297 607135694
1979 4355 628385977
317 767 617046984
2055 2948 630917466
2540 4141 601328510
1570 3811 640162170
1841 2976 622233766
351 4441 636857256
2351 3636 608317097
3551 4414 604918747
20 4360 614102727
516 1789 642033953
2001 3686 618049330
343 4456 607796168
1695 4142 618862166
84 4383 622649862
2492 4757 640916269
187 2938 615282829
2421 4439 635186890
1795 4645 635252032
1930 1941 640538127
211 228 618018819
3777 3938 623942107
508 4650 637743207
167 3266 619248355
1858 4138 601667249
3834 4270 620606245
584 697 628860211
915 3104 631460863
3706 4806 600214339
3922 4301 616170360
2520 4550 625228890
1499 3123 598744892
1924 3316 619286955
4565 4646 608470567
96 467 628293449
417 2681 622999109
1574 1970 631717056
3221 4369 637531389
16 4761 619653232
3737 4630 634727249
3852 4709 636297630
1445 3208 614792136
356 626 641413031
3424 3954 607334684
3292 4736 610374876
769 2882 635403324
1891 4222 628875986
819 1990 636934138
1642 3598 610251731
2321 2323 625493642
2729 4199 633184387
621 879 622832840
229 3045 630025370
2805 3606 624276525
22 1188 604238722
4321 4544 641897163
2630 4664 635360977
297 4584 632147530
1415 4933 623036229
419 3447 597822584
1830 2507 640873046
2317 2520 628303758
3538 4512 596649248
1807 4054 618918419
476 3888 597675717
535 3444 626079375
2159 4413 608374946
2457 3022 626814185
1353 1363 613673800
282 3132 606596348
3157 3912 636473345
3048 4339 623535819
116 3079 634231216
1411 2560 638834011
736 3445 627367979
282 2728 601043957
1098 2545 620834196
337 461 611970450
2000 2986 640947844
3037 4011 613278455
593 2650 611432199
1477 2639 639877099
1940 2198 638438174
1057 3575 617270108
1734 2469 605356994
915 4301 616789739
1526 3324 621015998
1516 2841 608180242
2030 2213 623230757
2134 2757 613202958
2979 3517 626670317
1886 2713 610044068
1028 1664 616524443
2744 4619 631265618
230 540 596676516
1583 2146 601282990
420 511 602746995
175 2407 605904245
2573 3380 628416007
683 2585 608236015
1116 1815 631941924
4629 4781 599012576
1165 2868 604656102
108 4935 637245226
2949 3205 625044631
3781 4001 637650310
531 817 618497078
955 4272 600537654
1486 4887 632662505
1053 4376 611424573
37 393 632955370
544 2228 603207669
384 1772 637508874
261 3510 641091426
3346 4399 611258360
1077 3041 609254215
1063 4375 598970925
1008 4236 603684123
888 4452 601847754
2302 2566 631118522
1457 2199 639439337
3508 4380 623483223
355 4611 630503118
67 148 622124910
752 4447 597730535
832 4765 608618209
2069 3467 637990843
766 3184 621695738
1037 4237 619923547
112 966 623445618
1341 3718 617752929
1978 3526 614872824
1048 1243 604814921
273 3165 605163584
3969 4504 620604731
879 3215 599781725
1865 4671 619835961
302 1530 597737868
848 4489 604058816
2888 4756 615695566
161 678 598423830
3719 4066 596623425
2341 2553 604127719
1977 4004 631370278
1958 3222 627342522
3231 4423 633518772
1150 4718 628215866
3177 4066 639803317
535 4029 596886968
2866 4061 605970157
1060 4768 600106025
3172 4285 611400901
1091 4104 613786511
2603 4875 615644648
583 1307 638330174
1717 3490 632638438
1137 4567 610583247
3476 4109 637471768
4735 4793 616153612
2001 3992 620617282
2527 2536 622384358
1428 2895 605219746
1467 4415 598506755
635 1329 617199948
728 3323 633191089
955 3013 622536836
7 2072 629857053
1074 3214 619643421
1361 2346 605381451
753 4873 631589356
704 3831 615922633
2266 2446 603213472
1429 3037 611905777
3333 3700 629148838
880 2646 623329924
576 728 600005653
572 3969 637335214
1350 1947 617976290
33 3082 608003783
3312 3989 629118879
1575 4271 623558176
1351 3363 612701122
1816 2591 616742674
2839 3865 609883316
1001 2022 614919184
606 3104 639156436
803 3324 598202864
1896 2193 624666833
325 4256 617610164
1629 4363 640122559
2181 3632 628985742
3715 4789 602838695
1587 3915 609152840
907 910 617977569
841 2613 600764946
444 4017 616951101
1670 3862 625857048
1238 3222 607261460
910 2267 597318190
1748 4833 603535285
42 1337 640850031
3304 4569 598768636
1931 1976 638603816
2337 3746 617167819
3414 3623 630206114
3432 4301 641112411
2766 4457 623294661
424 3374 604468954
180 3274 636348954
2595 2669 611270950
642 3716 625253191
1070 4276 612568764
3822 4914 598521761
1790 4628 624559417
501 1225 623265759
1367 4347 621741495
607 4230 624743544
4148 4866 619143298
139 3665 635938671
3955 4886 627123611
1668 4597 625278849
826 1343 611749602
402 782 616252830
1648 4954 601113190
2720 4486 625268616
2929 4316 610414901
4637 4723 604460943
1083 4361 633946470
1721 2249 627808769
757 2979 638015009
611 3327 612010972
1873 4915 621957125
3471 3929 633885820
3680 4756 629253958
2951 3923 598928263
3942 4808 629929452
2506 3769 625391611
991 2893 622027984
1785 2514 616477904
602 1988 611675162
1484 2169 636523652
2548 4898 610093526
376 4788 629405454
2850 2929 607018735
1394 2128 600612463
1583 2543 622869162
94 328 611006820
722 1618 630486815
440 1432 635909596
846 1570 612717629
2072 4360 621805911
2187 4486 617367580
1662 3525 640358061
3171 4742 613229990
228 4766 632153448
836 1966 622300497
1024 1668 634687019
904 3474 599225318
3641 3718 635841941
1673 2391 630332421
2027 4928 630212881
2351 2393 621804183
950 2205 612742262
1632 2213 637022078
1565 2624 623051765
7 1149 641892913
3550 4410 616283997
386 3344 631832605
998 2700 628236283
2128 2893 627148110
2496 4132 611607955
1525 4837 632563143
270 2073 637796466
824 1442 607686521
2491 3424 620799937
3334 4764 636521846
548 1414 612344003
266 1634 608858362
2066 2501 625345083
1017 1684 596639451
69 2343 630445447
1126 2844 602135970
290 1196 619595257
2123 2947 622987868
180 4657 636101009
488 913 634685499
1080 3447 624317724
390 3281 606304588
2612 4036 599576311
796 1564 604266273
1499 4763 612092595
438 1938 608875882
4629 4932 622266798
2259 3491 625156580
2526 4870 611295777
3757 4639 597690201
612 1294 616092995
1316 2104 606127866
2066 2992 621045874
8 4394 618756483
352 483 616545219
932 2824 609118109
653 1882 620023827
1493 2078 600110829
2288 3120 615928509
621 4743 620518062
1248 3615 626336413
926 2179 626325395
2461 3246 615706563
4360 4770 606491429
1500 1721 623247796
2169 2232 635235877
775 3299 610547142
1251 4118 609832670
683 2155 597070222
2336 4368 605626834
645 2872 634449114
2650 4262 604221385
1078 1442 606493375
1153 2039 600491043
1163 1502 612739358
748 3510 613203644
3667 4590 606914527
1388 4691 619591888
2743 4743 603776246
486 3726 619754190
1736 4382 610435458
4247 4504 608017054
2052 2831 600624173
756 3602 640836207
2463 3438 626228817
274 4010 639688206
789 4650 615427022
2115 3423 608923543
113 3108 600409333
3009 3898 600129704
1682 4189 602432805
1075 2548 641356553
1416 1717 627082611
1913 3522 629139798
547 1253 620953583
2646 4280 621497133
3327 3740 611235884
1870 2122 606308578
1619 4882 625292285
693 2755 616811116
970 2234 622283990
2886 3764 602655365
1814 2774 627474122
1691 4585 639178488
594 2055 624275229
708 3120 633158111
3531 4688 607136830
560 3553 600900106
2160 3910 632513745
591 2143 597159140
4185 4680 639363103
2673 4045 627945992
662 1820 599544285
1132 3215 600484858
2227 4367 636508216
812 4766 602691644
3769 4300 630292587
1309 3309 613026087
1955 3524 609338629
1274 3373 606436532
2823 4207 614313881
774 1183 625968156
2671 3394 636621958
2086 2421 611922443
485 4830 601468727
270 1227 602910548
632 1205 613661949
3841 4945 631475517
1383 2393 608076208
1753 3590 612500402
621 2207 618820046
1728 3104 601512759
185 3921 641351377
761 2236 628945184
3155 3240 633378315
3784 4944 639640974
1364 3734 618534998
2708 4173 605275563
4017 4603 612777062
3267 4271 606511547
439 2125 637330538
939 1046 605717759
2404 2858 597845750
1838 2377 611199197
2778 4646 634837899
2347 3503 637766304
662 1989 610189033
885 4733 600475640
2209 3805 630671134
3011 4280 635576820
261 447 597508591
4647 4709 604115435
1360 1941 624238996
1208 1932 605896214
318 3712 627661287
200 3925 639532733
2987 4353 625809025
4462 4536 632467825
1471 2158 640865265
1177 3131 615366988
839 1900 611951491
2711 4474 633199786
3323 3395 601217160
810 4085 628795129
3300 4162 613682802
440 781 601140873
58 3805 608531054
1323 3089 633004069
2217 3502 628312464
85 1557 638202136
1201 2005 626283018
1076 3139 626004606
1434 4765 631746271
2168 4782 609414374
4241 4255 607412259
183 3250 631298863
1242 4374 619505153
2519 2797 622693564
966 3038 634199855
3516 4389 628393748
3568 4116 607725954
2861 3673 640056779
964 3460 626629522
2617 3424 633749964
1745 4168 607998929
1765 3853 601929537
3252 4823 599162807
839 4249 606774339
1091 3554 634582173
1883 4151 636626305
823 4873 615590193
2180 3433 609772441
265 1822 635433315
1553 3800 613909830
4766 4859 631057371
4143 4883 634284692
3004 4399 629710044
1219 2023 615186933
113 2360 635568408
1737 1891 623327630
3195 4165 629901754
794 4765 628068283
2787 3986 635209487
288 1965 600420385
2498 3548 631059964
3367 3422 601276114
3943 4200 626130413
2992 4803 635917658
519 819 626704271
3077 4464 622122260
1757 4591 634770501
1246 4748 613365897
1458 1910 602976417
2727 4729 618856898
3919 4054 603434429
1969 2890 638737346
1589 3508 641750478
81 2808 599668705
606 2430 612403578
1082 2446 638568244
1522 3097 641754245
663 2725 607439794
152 2411 631530624
1254 1384 639818826
237 1567 614336590
655 3580 613026985
958 3223 627320671
3031 4326 620012231
2919 3830 616788871
465 3034 602565943
2134 3016 611027167
784 3866 598310046
2694 3048 612039877
3480 4897 599077335
237 4197 611735011
1199 1684 602587575
453 1393 631169177
3429 4198 640170494
3173 4633 610998083
1839 3387 626038783
709 4154 637722088
741 3620 610545512
3097 3317 610487959
2458 4660 616324852
1225 4786 633152841
1800 4369 609973370
731 3146 639469526
3031 3120 636311459
1045 3289 630859252
821 3472 636197109
4390 4499 636768996
976 3090 637722074
3548 4556 638395829
4175 4369 630644519
1018 1627 607215341
1051 1787 602524037
1946 3422 598330360
1447 3264 639714503
1596 4780 630199970
732 3556 636075221
337 1833 621173187
4022 4480 636356675
2544 3900 625036556
899 1807 641134219
2379 3463 625323604
72 4345 629484987
1341 3772 629595746
2525 3543 605120914
2029 3348 636813426
1084 3413 604154522
2419 4597 614441025
129 1082 634369546
2120 3129 625094821
725 4535 609838148
3443 4403 624042234
700 3233 616561899
1144 1598 609466556
1431 4912 601170873
1682 4918 619535501
689 1953 623505150
764 4670 602420307
1592 3796 634074515
1990 2339 626695162
1667 3338 633537571
3161 4696 599081216
1093 4359 610346092
2007 3221 607043095
1710 3822 633605002
2428 3436 608597680
687 1830 610660455
567 3172 634480164
3208 4492 607357572
960 3325 599561894
901 4392 621264835
1033 1211 632153161
3532 4665 609030557
2634 4435 629613330
183 3967 611639669
952 1153 629118825
471 3700 634042815
3730 4580 629848173
233 4674 617292687
541 3293 608416946
2663 4120 630248999
3196 4457 620972938
2403 3360 619924314
3293 4502 608717830
505 2903 600811470
522 1928 614130607
87 703 631905670
2244 2700 626825108
3209 3283 636475381
2295 3635 603930211
600 1327 613157240
2809 2906 640583809
450 1234 619783406
92 2599 602011368
997 4432 616026195
1776 3162 636926923
622 4387 619914689
431 3241 597955966
648 3828 631491182
379 1771 605036917
255 1850 614059476
942 1474 636920457
3122 4762 599738201
1772 4207 642305665
4542 4903 619483227
638 2534 617902343
1623 1727 616779420
922 4719 626616755
520 3782 630878950
947 4886 600017325
1082 1758 617433854
637 1514 597906308
4189 4594 622840223
528 1920 616105627
867 1973 639687326
253 4764 626274319
3849 4768 621922285
1287 4931 624491798
146 866 642045153
1486 3519 605390072
434 4409 642010388
559 3852 631286150
1111 2657 625112363
1044 4859 630957478
1639 4259 616159847
1812 4392 606094008
2949 4361 632592249
3507 3703 623681752
867 4044 613067914
235 1971 617916436
4183 4916 628524827
335 2911 605398581
1220 4885 636601397
1142 1479 600122164
959 2988 620526676
1030 2733 638818385
1181 3962 616402069
2133 2163 604463328
918 3685 617327143
599 1455 600017246
627 4596 634462505
182 1164 629327932
1336 4169 619248023
868 2162 608942200
125 3938 638742827
115 3090 630470092
3281 3696 627136635
117 1263 629996141
1783 4669 628704702
610 1361 640902280
1565 2346 625323940
1348 2122 639237888
3827 4421 599054787
1480 4733 597242412
3518 3924 636954676
883 1318 602847257
808 3906 617154156
725 1959 609067421
774 4529 638638559
279 4607 607683611
46 958 635853381
1052 4288 622459226
3151 4107 607859758
1127 1487 603246778
4069 4158 629533854
293 2265 609007070
2264 3678 607567186
818 4733 640057443
4043 4504 632782385
1091 3814 615434396
649 3814 619146466
2681 4128 606485271
808 2840 625691300
570 3171 642375801
4375 4879 634126361
1141 3980 603405505
2269 4652 596712226
3218 4000 637657733
1601 2062 618724370
2020 3760 632389080
2759 4621 640311671
1931 4874 636283457
2339 4037 635540939
370 4030 638087887
972 1541 638132547
859 4216 626576337
731 2154 617026581
656 906 623182964
82 3413 620187139
1561 3794 635751909
3606 4475 628549867
1035 2233 615267357
3670 3794 629311309
3476 4252 620165396
3228 3447 638485725
2204 2490 623873477
3130 4486 638938859
2568 3080 614036445
731 3726 622140166
556 4825 630986402
628 3571 601030228
845 3254 604405523
315 1140 610691418
2306 4067 632661795
98 1483 633914333
297 3250 596769368
1020 2556 610784496
2443 4039 627873630
2040 4739 617720729
933 1213 634804637
774 3537 622188780
2742 4429 601772673
2243 3570 622891150
2973 4208 642340727
789 886 631754996
715 1119 598355509
129 4772 630740198
1490 2668 618090100
1486 2257 596948982
1440 4256 637270736
277 3754 608473579
1602 4701 631938710
3456 3971 599627770
1772 2669 601044894
792 3124 621955110
1477 4220 603939665
857 2483 635158204
1920 2993 633069975
2873 3272 612469317
1095 3745 624303536
161 722 618696554
3344 4827 637903914
365 2127 616330637
316 750 597594315
2058 3275 607852596
954 2847 634354868
2463 4016 601814451
1197 3944 622804208
2545 4434 618532570
2420 3812 601104422
392 820 625028858
132 3951 629483572
467 4708 635902174
2447 3005 599957569
1686 2943 637213367
2852 3537 606727766
2065 3307 605288076
396 2771 625431829
3373 3546 601161712
3557 4873 624264946
1024 4349 638393274
22 3227 616042046
1416 4685 635627421
1865 4455 616271402
1310 3731 623216409
1653 2983 614308911
2924 4465 637242324
972 2569 616210373
893 2023 618978294
158 2894 630917356
2328 3701 629855055
386 2152 621127300
151 3264 640965178
2754 4466 630662286
782 3005 599035800
2114 3021 596650179
917 2892 612161778
1665 3667 601621595
113 2079 636772465
1677 2960 599199179
149 3441 600754720
621 4652 634013812
494 922 635133666
403 2300 605016069
1346 4307 626399066
73 3798 607707929
517 1057 638676173
2528 2994 630983373
2626 3465 629304166
2026 2709 625252620
1308 2129 637724737
2035 3512 627191350
300 2766 640950830
1277 4089 637652695
3503 4004 614076270
2376 2597 612867460
2268 2305 613332811
334 4822 630808130
1852 4810 620913549
3143 4812 612913227
1009 2160 629171663
2124 2548 637239714
677 789 629086436
2242 4643 633520482
945 3726 619675313
1718 4245 642133034
2155 3168 617140196
2032 2194 598042554
203 4153 611034197
1082 1382 626480001
3614 4194 641771558
3055 4134 623851654
3677 3987 640609755
191 1097 627629360
2369 4385 610788456
1640 4121 630814865
291 1455 619464594
590 4803 632174918
243 3144 628714666
470 2447 611088600
992 4422 604896849
1563 3117 618341260
205 4584 611021709
428 2257 636900034
688 4851 630801402
3206 4478 621462396
2213 3952 614514085
76 4077 610085617
2027 4498 602885787
1984 3202 637938700
1899 2151 628671680
128 3256 618727295
1518 3738 608197275
2764 3602 642059395
510 1817 616707498
2573 3524 632621971
3272 4873 628061614
3726 4234 633075787
680 1424 625722010
246 4583 606295502
1338 3766 608756294
2519 4189 612533816
543 3687 630071106
2520 4942 639722017
1514 2595 609118145
3130 3262 622737269
271 1413 613891085
3503 4207 633270564
842 4764 633015122
506 4513 603911824
2799 4574 615310935
1031 4241 630623394
981 4232 624351969
4241 4586 642189733
483 4318 622905814
376 3519 611206262
1787 3902 632775560
208 1407 642001888
50 4086 616591153
2399 3420 625782381
2671 3766 626799844
2692 3718 622110528
1744 4703 605728840
2159 2872 615398195
3452 4599 635565272
132 4702 621689781
1148 4819 606211646
4262 4919 641215799
189 2160 616071573
2217 4505 599126303
1056 1197 637452868
589 2961 621226183
55 4035 611076329
709 2117 598896191
1733 4572 609782259
542 839 636309996
2666 2920 611188685
3149 3691 621480093
228 4508 598763214
1545 4476 605291169
1290 4840 630984588
2445 2481 602069364
2045 4080 612809488
658 4737 630495687
3050 3239 605803146
1390 3245 630145412
2381 3907 621765130
1176 1725 611469687
2019 3156 640335661
2597 3319 597325007
2717 3097 607272984
1432 3106 635283688
1350 1799 640055439
1781 2971 618626384
3086 4414 605172493
680 2375 614263477
1844 4678 630799934
1227 3444 612056531
1076 3322 622169010
2162 3472 639851471
3489 4766 609796437
377 1411 640266243
872 4106 601654097
1464 2829 633537417
2448 3380 605274819
1674 2156 610172631
3499 3839 637338927
156 3296 598362694
2761 4157 601326312
795 4096 604183002
1070 3367 631595321
89 1040 626435443
424 2787 625327020
2355 3805 603688648
1541 2448 609974096
574 4088 608839644
2479 4403 634783854
1283 1848 621352604
2118 2317 626513248
1586 3179 616874401
2754 4488 628737026
505 1467 613220115
1205 3092 613725812
704 4407 635707016
515 1399 633138145
1520 1838 639667937
464 2832 637429497
405 940 634098566
2101 3262 599457265
4297 4557 621573767
4224 4236 611844094
1977 3459 638065141
179 1443 614456890
625 1513 629699306
1805 4268 641581804
3077 4180 609330570
1331 2191 631335935
1122 4321 599142261
789 2320 603885890
4365 4824 632983860
3229 4768 602210441
1449 4864 625661847
122 813 639553016
10 1507 621921361
2553 3884 633252855
786 2946 605531125
632 4822 625766849
2229 4496 632559795
3305 3658 616515096
3493 3943 632306394
1564 4081 600497789
483 2680 631176100
3335 3863 629458055
2212 4288 608221433
2614 2774 638623644
222 1718 621298665
78 2478 635667391
1165 4264 619989760
1220 2051 623505877
363 1643 632206039
1535 4274 603298806
3806 3845 597359429
1080 4414 627853695
910 1994 600859244
419 1105 636344853
2631 3667 606920012
267 4589 599484859
1169 3021 611580908
345 1171 615721804
1990 4186 640466914
1125 3671 632012589
3225 3412 618086692
2753 3736 635388944
1679 4219 633169635
1280 2006 631338920
1931 3202 607746934
1612 2267 635832344
3194 3851 612386955
1394 4286 630319115
111 3150 604586388
1168 2808 615793239
2414 4195 609511918
320 3663 640524446
662 2331 608340689
2084 4054 618193118
1564 4690 599944554
1768 3632 607471585
262 2904 637034637
1727 2324 637158069
3642 4529 600068679
2186 4009 640135877
1277 1680 596705963
3962 4704 611554060
3314 4395 613213173
403 1125 630843785
2598 3650 639537714
1281 1775 632468741
1229 3697 596903096
382 4639 600197836
837 2602 632369295
487 2908 602415308
2578 4775 635215071
3356 4300 601985892
2079 4837 631301440
3929 4643 622207654
1861 2786 628895664
1194 4429 621024859
906 4521 605867219
2111 4350 620583121
1559 4485 613278623
3469 3760 617702785
1514 4461 598705664
2186 3005 640910383
1174 3424 634871620
2200 4579 620950602
1720 4677 623991913
428 2562 607208072
52 638 612738150
3410 3654 635879034
1360 2063 636552279
428 3566 629559680
2467 2715 632675784
2060 3934 626689044
3820 4434 603021406
1927 3452 602988834
2854 4634 633204039
3113 3477 626724422
462 3709 618111798
619 4107 618757137
2493 3618 607116511
2321 3214 642084094
802 4082 621542314
4060 4677 599950295
164 1407 604927279
2295 4613 622374416
835 3153 598949077
4148 4407 617808127
137 4684 629008888
642 1020 638134096
4499 4534 613837576
1895 3718 641848550
3803 4677 617191291
1750 1861 612960668
1645 1822 641063077
1920 2492 621051394
1146 1946 628472371
3372 4384 630893231
1182 2892 622741781
2305 4309 627260877
3995 4365 602783379
1141 4909 608788679
3505 4083 621412780
149 2087 627889392
2992 4546 639682319
117 4450 629577409
7 3027 617062785
306 1438 599322062
258 1151 625410042
1787 4136 618505296
450 4827 614523464
1681 2618 610396456
1767 4620 618897096
1755 3544 617702567
1501 3729 619029124
3144 3395 601634702
906 2550 621109198
2061 4927 620478417
2638 4018 614611859
2111 4108 635555453
4003 4049 633340108
1664 2009 616485756
2747 3043 624807422
3261 4773 639384431
1788 4405 611055461
1133 3865 631951306
2123 4240 638636058
3421 4524 614504572
23 1297 633344021
2998 3051 633894462
1096 4356 636825195
1240 1450 596806523
788 4408 607130171
812 2433 632696454
3681 3980 620874058
943 1294 609684321
1086 2935 601386042
1577 2899 609509724
1728 2649 602547289
2945 3624 627684592
2479 4088 623240627
1100 2878 615280851
588 4775 635707235
430 2037 618107918
776 3000 631504699
346 4575 628296723
2931 4220 602497375
1701 2613 624484300
416 1497 601420280
340 4300 636901764
15 4532 633634177
2310 3216 603559027
1717 4347 608199444
219 4035 607329764
1028 2808 607541172
3222 3634 629418947
1215 4122 606432801
1361 4185 606138418
331 573 617768481
4199 4501 638049538
2231 4600 612459285
2429 2453 598696721
3500 4317 598530393
2385 4429 618687516
1991 2241 605989434
432 4541 636696368
126 2669 639860222
1795 1952 611173822
595 3648 616509297
484 4002 635795090
2314 4831 634420777
167 980 633421408
1954 4208 635345156
534 721 619310522
3349 4077 621629902
2185 2258 621864787
29 916 631763099
1606 2097 602469131
782 2000 637916554
989 1443 611050899
2134 3976 638156373
1876 2100 610787026
2904 4654 601646200
2547 4630 634714283
1 4676 633133713
4854 4954 601117624
1048 1110 617747317
610 4459 632064101
401 2977 627911316
2039 3400 599979123
631 1658 604397918
2947 3152 616080333
916 1115 622456109
2051 2906 638383392
1837 4928 628812216
869 1824 637253550
889 3427 600926189
1070 2656 639313606
1410 2399 631298398
2364 4592 633059209
1914 3669 599332380
2955 4426 599730933
4145 4719 599323519
188 691 622517065
3783 4364 599670174
3232 3240 620378287
1912 3532 615471497
1097 2160 625213640
1568 2717 626451149
1222 1401 619360198
4249 4678 636394949
840 3823 625024019
1397 3432 601483034
1229 2480 602899630
3633 4546 607360709
3147 3423 631392237
2010 4806 602662859
3053 4795 617194102
3032 4059 630519027
174 3558 634025821
2388 3487 631597922
1336 2931 636518738
2447 3278 637830072
385 889 617135590
2471 4615 622706562
709 4421 603757215
2511 4483 623065471
1135 4954 612270302
1503 2641 605878673
1305 2427 612672876
2209 4014 629082820
133 3144 621994831
2674 3723 633807822
2471 3439 615435142
2189 3759 629554855
567 4759 622887926
151 4369 630517779
835 1034 607643365
2545 4913 626686185
2462 2710 615464698
3953 4279 637738332
69 527 609584089
3575 3822 639767219
1641 2044 619962879
732 1831 629407156
264 1531 607066260
722 3509 641975923
806 2411 623948895
701 3515 630665733
1231 3453 614303351
1625 2353 609473265
48 762 613070108
218 1365 608436380
2650 3357 609536188
1674 1766 625081456
167 1208 610353398
3496 4451 638687511
1905 2217 632336865
2301 3675 607949400
39 435 631997550
2645 2671 620895873
1549 3584 629379486
3512 4294 635579519
512 3026 636612854
1798 3463 608078545
3118 3545 639437387
2158 4683 627418085
376 1946 638170217
1462 3361 628471325
1175 1341 636975423
1461 4425 628882719
879 1208 639526287
3103 4280 606938645
448 3839 609233690
1072 4805 610472108
1888 2277 603764644
477 2783 634807756
1605 1960 597792221
783 1964 629117931
320 4418 602581182
3450 3941 621828246
1853 4258 601598664
3980 4285 611408493
2120 3482 619696254
164 2094 639724875
124 2543 636033387
464 4059 627271666
3622 4260 621960684
1899 3200 614943540
404 934 632452904
1026 3426 614609114
3004 4320 635879952
2345 3281 636746322
941 4055 613248830
308 1417 627422103
666 4250 597374463
903 2859 638344709
3494 4876 617643632
934 1619 631051986
3068 3780 634937203
59 4522 636944304
2280 4450 610506802
746 1094 638105182
4042 4636 639210853
232 495 615646397
3210 4283 615898615
579 781 601955098
4140 4620 621540510
302 668 634665796
2897 3848 613001980
2588 3343 605670705
39 1894 618212529
757 1248 642382248
2499 2773 634761480
1728 3988 622002671
1282 2035 634128749
100 1314 615871202
2315 4477 618702203
1191 4304 622591159
2893 2940 608929991
969 1936 603846201
3728 4415 615543312
2106 3799 630661013
920 1859 632399623
1679 2448 627727162
3232 3252 620884015
414 4838 624128399
2165 4630 613306930
2865 3226 630595649
1327 1747 634492766
1421 2829 630741079
2213 3303 634504847
849 862 620070842
605 4364 632475920
978 2384 635123670
4046 4068 603395004
693 4414 603653551
337 4531 620105184
1983 4226 614070987
931 2688 612581893
2840 3256 635807084
4158 4764 610035800
3954 4785 597215843
3856 4437 619897056
316 741 615343378
1451 3588 637095576
2914 3121 612327243
964 4423 614243040
598 2403 623303384
514 1443 636356307
613 3274 617424006
1337 4820 640116347
1605 2947 597781926
815 1046 640184062
1195 1655 599486990
2884 4211 618885842
234 2571 639472635
1501 2152 633479950
1524 3611 625939292
3356 3494 608792406
3311 3510 607134337
3885 4627 635616089
421 4192 623805874
70 371 627499118
1916 3257 596638057
3860 4614 626274605
230 927 640001783
2609 4687 630517154
667 2008 615767216
164 1869 614036256
1415 1700 641280436
435 2185 632469927
236 2259 619249444
3130 4448 632332153
971 4245 612912680
563 698 624496485
1686 2147 631424273
3539 3642 624886898
315 876 624706249
445 3958 601590782
15 979 604302815
373 4889 597400038
2226 4623 606944383
992 3279 611973229
2717 3719 597400468
311 2552 637614586
200 4734 626661327
750 958 600837479
3627 4498 627577358
323 4214 641952493
376 646 604961241
332 1696 624247331
3645 3659 636306546
167 723 608338509
1038 2447 605509542
922 4170 635552932
2282 3465 600587234
428 2997 614061842
58 2651 601928977
1501 2515 600880552
1470 2227 601856383
1957 2386 629664523
2324 2374 605294186
2799 4609 603670144
1850 4785 611710171
1554 3659 603519180
1797 2196 604057367
1588 4551 636274123
496 2334 634938971
1892 4506 607225107
1800 3336 598448289
971 3457 598159711
204 4329 609618179
459 1711 638558209
3569 4033 613729544
2459 2623 626464195
2603 4543 633661501
2076 2677 631635151
547 4001 599843774
3385 3994 608974331
538 2776 622815966
1520 4642 608034152
252 1396 621455732
955 965 601016790
481 4282 639245887
3654 4852 627196502
3165 3821 599977902
307 4328 629897133
2593 3494 641379004
1197 3232 598084894
2067 3685 607479757
2805 3527 606415818
1166 2683 619762048
2786 3865 610863339
1398 1458 617470140
887 3221 636128744
2041 3107 614227810
3876 4495 605823146
1302 3263 636220733
2112 2815 610913111
2448 3864 606795563
853 1950 604037068
2785 3272 617901306
893 2514 632060469
2279 4706 629780313
1831 4242 600554118
4753 4820 640898666
3939 4773 639872818
1341 2411 619036365
1582 2143 599704860
898 1150 627335863
2773 4738 600117407
1457 1741 617901251
615 1345 599735291
864 4359 629937550
374 1254 618419879
575 604 624826023
854 2209 618568977
3023 3748 622563893
2415 3123 602803647
2767 4185 596734724
383 2816 604960167
695 1696 598706710
3466 4472 626628403
1690 4325 638237007
3043 4716 630905774
315 1379 608208125
3399 3448 626175277
91 4954 611394372
474 571 608762424
1395 4559 617106181
763 838 636873883
1597 4155 632506072
861 2769 598323818
4143 4703 635113782
2024 2443 625963378
1763 4437 619165745
322 3406 625327801
628 1614 626840479
1091 2939 617213737
2818 2925 628532024
2882 4882 610376295
1189 3258 620491909
868 2178 600779841
2192 4587 613740134
33 3279 613415922
567 2313 641206058
2208 4070 597217535
4006 4849 600547889
1816 2072 620969982
2471 4471 605627039
693 3379 606159834
1077 1391 636389029
3713 4140 629952699
2325 3208 598020846
4273 4429 606602030
1539 2064 598027753
79 879 641829649
882 4849 614232040
2864 3141 615850532
1659 2590 627666869
812 915 641236683
3236 4593 634158535
737 4295 632348338
2027 4895 610567183
1115 3848 623895478
3320 3957 627650315
1548 3358 639146989
601 1879 625068079
984 3771 626397580
2457 3647 632715923
2896 4901 641044710
1693 3657 614866431
28 2783 630945467
341 716 607926762
3111 3212 621921964
2472 3585 614945690
1847 3795 615697271
3083 4794 623096874
833 3761 605956860
4091 4156 614897663
3018 3680 603701097
11 3300 635440274
1041 4329 624785260
3999 4287 628148254
3753 4429 602499705
1661 3028 605906097
1925 3399 605549254
564 2417 602422229
3411 3550 598297548
1901 3689 637847095
1201 2214 613881194
1562 4331 621067834
445 2416 599908643
2280 4561 599297531
1777 1876 598963345
37 3375 608525937
401 2311 627809024
1997 3373 601283625
1225 2304 640266190
1858 1979 639906080
904 1180 597522230
752 3495 613030259
482 4034 605791176
2351 3072 636674062
1849 3592 619013612
207 1240 637130840
1235 1945 636815442
987 3940 611756327
1513 4694 631687218
1659 2516 599171014
692 4517 629086708
431 3098 628241941
3667 4526 603801304
835 4622 616598492
2404 4476 641792407
856 4678 633299317
2410 3834 607249634
1650 3984 606835606
1161 2688 620267247
193 3589 601135374
3154 3252 622669487
1446 4924 626294877
520 3104 620092579
307 2399 609677452
374 4080 629964595
6 1390 634989621
3883 4584 618317856
1024 2678 639025021
2713 3407 640976924
3156 4235 608987874
4042 4490 634840785
2304 3026 622822882
247 3767 606225890
2356 3758 639817493
1396 1752 596959228
4475 4844 640339345
1165 1569 600482278
3671 4052 615693793
1838 3116 602270058
961 3595 617980881
699 2613 636229555
3453 4047 624463314
3371 3994 610536094
1610 4138 603900249
1129 1370 615714693
3163 4307 615432138
3316 3802 598431130
1240 4193 620647958
70 2205 604358904
1005 3643 641321172
1328 3845 610535921
1890 4592 631662082
3521 4947 638605128
2053 4600 621943506
854 2111 628193002
1201 4919 605134882
2327 4932 625382771
2902 4158 606228667
684 1455 614018130
697 4703 610228347
1046 1062 615534328
520 4689 599240427
1090 2088 633352727
2927 3690 598969137
2442 3155 597919334
648 2412 613679938
2669 4410 606205962
2652 3922 624017438
1496 2105 614532877
2166 2294 601941936
3135 3279 628050648
2411 2637 632043666
2074 4689 627095156
289 3636 604236635
3119 4846 628774596
1540 1838 635589563
395 1579 611221759
109 1408 608482680
1980 3453 613175656
1825 4490 615033469
1746 3089 638800643
1588 3226 627047714
972 4629 609134379
1454 1530 621918217
3484 4418 622503900
724 3518 633392845
3810 4629 639968742
1791 2648 627145538
2510 2848 632768719
2389 3750 604590909
1257 2657 632229425
1897 2505 636450006
4153 4364 612132377
854 2031 609237062
3379 4728 639404131
1131 3159 632162935
3065 4130 642032308
725 3211 629920111
3220 3344 634715082
1928 4300 625559377
806 3293 605850165
3765 4827 610331176
2688 3127 640829003
965 3984 639424039
1892 3959 616649184
732 3926 639499031
1032 2855 616742430
4088 4292 628814900
3344 4369 611781849
1763 4475 635049653
1811 2704 625161645
3700 4159 638194135
1220 1962 612839554
273 4720 624405283
286 1848 601896974
2574 2629 604564986
994 1583 603473730
1205 3304 597526489
1117 3469 629885352
2356 3353 630400119
967 2849 607895184
888 1791 617020447
523 2485 612626837
1583 2978 613513602
732 1790 628834920
3679 4786 617938395
906 2918 636540722
1260 4042 605265695
858 3963 602358046
762 1156 607867030
1743 3401 620930876
962 1731 624929344
2644 2781 621612574
3971 4797 613166932
157 4837 633728985
460 1838 598830998
186 2642 600582850
1383 1839 618600634
1625 3710 607802962
1835 4675 640220424
1358 1865 635683423
227 4310 620644778
3446 4255 607276619
3578 4889 608957494
1130 3604 613822802
615 2632 603385903
1277 3424 641651576
2870 3172 614358618
159 4317 628934225
245 4786 621912710
640 4451 618835018
4493 4805 613259698
3572 4036 617904446
621 3868 598548291
2957 3824 640061152
1602 4750 599069132
2596 3724 640006441
4068 4794 600537018
1207 3700 615634170
3717 4778 615654720
237 4761 599789557
492 2786 602652918
2127 3947 609380917
3008 4731 604666017
611 3933 608998285
327 764 619077400
2832 4521 613157035
1743 4791 613472862
463 1295 618493630
1264 2059 628471520
1219 3954 641847926
2034 3630 612565076
1760 4078 612329704
2674 4567 612280670
1576 4061 632702162
2105 4571 605489752
311 2279 607667064
451 2960 604084198
1888 3252 639645913
3377 4670 616339497
3037 4938 607512134
2958 4499 599488124
906 4204 606513285
737 2750 637338078
3007 4633 613626442
1108 1220 620181275
1019 4527 599506657
871 4193 598565937
506 3793 637739686
1780 4944 608680812
1078 4369 599816809
1123 2399 614685746
1475 2738 602127179
223 3964 621941739
1476 3084 601478959
3858 4725 613147356
1924 4016 626596369
662 3519 632097020
469 3158 611595554
2035 4489 608951814
2068 2844 625972624
2799 4114 602764992
617 3117 615207558
797 4574 619022158
1633 4609 631432520
212 1747 634334250
322 3776 597012053
1489 3354 625039194
2437 4007 604919773
18 694 633838326
834 2940 613828064
2300 3586 601666449
1026 3310 626615504
3542 3809 600555926
2431 3767 624775041
3084 3453 619814967
1926 2485 633808275
1401 2051 640999476
1642 3628 610085302
957 1359 607357619
3361 4648 604438310
404 1898 631977751
1923 3699 597637258
3061 3386 612758109
1478 4937 599730579
996 4127 641638562
240 3517 608634117
458 4871 634364269
2237 2340 631304731
464 3165 616100318
3284 3744 615543639
3052 4407 633554128
937 3268 637755293
408 4900 640501504
673 1690 621736628
3211 3439 611027925
123 4176 609170742
676 1718 611610500
380 2091 628189229
696 2326 629182645
752 4263 604875251
781 3251 614969583
3610 4182 612903754
852 4761 629879925
1488 4082 601678546
86 266 633188047
1045 1896 629738078
282 3312 619276157
1782 4244 620072196
3540 4727 627361246
3911 4435 621461327
25 2795 633333685
1434 2225 610365678
973 2538 614911762
829 2264 606506087
339 2070 629967705
815 3019 623738629
435 1157 605956757
1790 3830 638431759
730 4950 641029863
2221 2542 640794859
728 4792 609828661
1091 1893 637016902
1055 4043 622748303
1619 2740 609848468
27 2407 641997420
2193 2629 626443629
725 738 629670538
1815 3768 611338148
3001 3748 599376643
132 2799 627499350
105 1210 618140179
2784 3580 638626890
691 2558 607559961
56 706 607269185
1838 3424 628657531
2539 2621 599722682
1407 3639 641281114
1226 3733 627515767
1990 4131 598599584
254 353 618572775
372 2081 603897611
2901 4443 632543847
2126 4116 613060865
257 592 600172708
3757 3811 627331819
3835 3872 611436015
2614 4892 611393054
1082 1868 616545366
2477 4209 639683702
1690 3238 600745588
2003 4305 623381458
2132 3174 618684647
248 3582 633415315
525 550 611477739
3449 4080 597563569
1453 4546 625121967
621 2005 602795264
34 1597 631675325
1910 4208 604438849
2295 4809 613553717
1164 1591 622705544
187 4142 637956744
85 2991 604019283
2566 3440 616892554
2693 3128 600661765
204 3662 620489464
218 4423 599208540
1442 1550 611560376
1796 3187 630255590
2245 2577 608513096
287 1675 636278129
2884 4578 632762147
4215 4567 627961385
2578 4777 636721603
621 3112 622731659
475 547 606029117
3192 4652 608559531
3512 4469 619794545
981 3754 623120375
714 2358 623637719
3757 4016 640759256
204 3684 639754905
1197 2901 614922494
755 4584 613933311
1387 3342 599928703
3315 4406 631285037
198 2730 597205471
2113 4479 633753713
1599 4698 642099125
231 3408 639865188
2010 2786 620593400
646 3054 613528903
348 3258 619808070
539 4431 638258144
2500 4742 641297789
1861 4072 614216485
145 875 615640675
2280 2606 613730291
1882 4238 623384563
2123 2647 607034763
284 1711 625071856
1138 1271 638937962
3097 4041 624104818
2871 4206 622440734
2001 3293 608266392
3554 4158 606925774
1071 1908 618047195
3580 3632 627546409
3124 4110 604273429
4063 4674 628784235
2909 3445 615355669
196 2938 617357585
4115 4805 620385477
455 1929 614129680
1376 3287 624092736
319 4621 614942294
1959 4533 634574020
481 3531 641686338
2895 4071 601500677
2297 4316 599219315
1964 2343 616504966
1969 2277 600854451
818 2304 609042569
832 2139 634451844
2098 4682 622279004
63 2752 614624480
2271 3574 600226084
1727 2458 628557666
2618 3667 603608940
2685 3193 600226075
832 1256 631582701
4229 4632 622645791
137 4351 641083610
3753 3886 611562380
3454 4134 604616443
3169 3318 615195567
3290 4947 623977023
2480 4667 626800557
3075 4411 636967099
494 2895 636719451
251 3954 641098278
1324 1860 624619913
662 2998 632362141
3660 4594 637810902
3746 3826 612495158
2465 4293 635332466
1458 4456 623499218
3492 4249 634976248
2825 2956 624972023
2718 3663 622254923
428 1364 618372290
22 3618 612176180
1487 4761 640206250
2458 4174 636485883
1051 2723 600957778
1800 4102 635874547
3159 4414 598347554
3329 4139 630397375
9 4775 617464537
915 2787 614849428
1380 1755 626612253
560 1579 631132296
2085 2321 615507779
2746 4064 620302098
1632 2363 616157934
382 2679 609315390
595 1090 636640226
2482 4209 613741800
3318 4747 641861023
775 2135 634821389
4057 4905 620668099
2779 4473 614055321
3180 4952 624650679
1885 3516 620362826
3658 4515 641604355
1063 3908 607412963
26 1147 606820849
1774 3933 635332947
2547 4845 633865404
888 4509 631017656
1364 4365 617861832
1647 1967 641082620
3144 3667 627085151
915 4532 627980669
1877 3950 617152080
2157 4846 634187658
1951 2926 627196205
795 1575 601788567
1175 1377 632036379
2655 2929 623144696
251 863 609175155
1530 4239 601038848
884 3225 616674156
1352 1643 601246872
1467 3184 621951668
226 2801 625796454
3320 4917 604941710
1175 4888 624630687
90 4907 607651557
1503 2302 611598820
4394 4726 626144741
2097 2538 640362641
499 1381 632784140
3630 4017 640238958
3059 3479 630817529
2002 3542 632899013
385 2028 618950180
1795 4773 612304934
2703 4386 632800262
1397 2281 629659900
1462 3611 615280895
946 2479 610669338
613 2761 599980568
889 3954 629311667
1193 4661 606385236
2563 4420 628839160
473 1197 640072604
1412 3682 634223634
840 877 633963699
701 4886 619338666
2677 4465 599755633
3468 4012 633348414
377 2508 611044390
1719 3017 621649389
810 4644 598742647
1908 4863 619355009
1840 3167 636299117
1542 4715 628696214
350 1575 640082748
2021 3704 621808799
2282 3536 633698448
1436 3667 632792229
3267 3390 630776414
773 1107 621409919
1882 4582 613584815
3093 3452 638670057
1995 3279 625311419
1697 4389 620964298
1450 1510 607300191
2415 4156 626637291
299 4201 637650961
2414 2752 631285612
445 2348 618874760
980 2389 625488008
2184 4096 615518433
2635 3891 638471543
887 4608 609295142
683 1927 631233953
1639 4739 640882788
152 2175 599229505
2645 2877 603760420
3826 4129 601378905
3350 3363 617522735
1240 1862 601416639
1217 2634 613947527
1041 2719 610754653
303 2579 625150715
118 1639 627188245
1532 3514 605315407
745 3845 600137423
2680 3025 626285025
1654 3351 637380368
2493 4310 629347159
1916 2286 624210868
1326 4877 599055159
384 2406 629028834
1333 1905 610523659
654 4285 598330048
1632 3193 627247270
658 4369 601358125
2468 4547 636994477
160 4639 639514113
704 4340 624142191
1797 2988 607572310
1267 2307 636452611
2216 2829 611205990
2950 4285 605375783
1906 4297 596968065
3605 4749 623639580
711 2526 627279382
2257 4428 611689574
768 798 598322684
854 4244 624912095
2661 3669 640863434
1110 4075 605724043
1775 1884 638929977
937 3151 618331571
725 4357 634953515
1280 3459 606491521
1346 3927 624990929
1238 3382 633610730
1232 2810 617557530
1404 3147 626672218
4221 4394 625425199
693 3156 609259370
2842 4874 611684941
770 2587 598303212
120 782 630202197
2222 3681 620544452
574 3744 621089663
1742 3467 613867573
792 2540 616488567
2555 3663 606425167
2703 4499 636168441
2213 2947 616199999
443 560 639272896
488 2450 614780133
3374 3917 611116171
1690 2553 603440988
2170 3499 638767404
142 3644 622949360
608 2081 606198896
2465 3683 614452663
1512 2220 611637529
1348 4335 639862415
208 2112 637345288
1370 3996 631793457
2207 4287 610935801
1570 3873 612726205
1245 4319 609396879
2168 4002 607228156
2949 3397 606036735
3187 4040 631398519
97 2043 638256971
1000 1004 621487345
1705 2826 630034647
1229 4441 609070781
1671 3956 620489874
1803 2025 598002907
2865 4941 608835960
456 4427 612446325
3099 4185 631338913
2766 4525 615131826
711 1909 620398297
925 3360 617766042
1108 3791 610002323
1985 2018 615542677
260 3607 639416183
2817 2829 603737484
2846 4203 631121563
3020 3171 618442350
646 2361 605210531
1442 4061 616287920
3549 4621 613283360
1372 2039 634520076
1124 3206 629378628
1788 3247 635960064
680 1668 639344701
536 3841 614831618
1054 3933 604058234
613 3057 607960050
670 3584 610289620
29 4861 618215777
3521 4687 624356149
2220 2696 637672080
2787 4780 597177921
2142 3923 636546734
1969 4417 611437337
468 1370 603808976
2617 3859 603754302
683 3503 639122694
378 2986 605421061
3472 3583 630166916
364 3529 612074218
377 1363 622128183
3547 4904 613105943
2261 4328 635041208
1607 3255 622133203
1249 2826 596843200
3607 4936 639187799
1573 2391 608870434
1226 4601 619402271
2492 4567 640501661
779 4066 626757179
137 4609 597347584
74 3167 606953314
491 1491 605657608
1668 4345 611519699
13 3688 613312031
997 1043 615156381
155 4521 622532926
1122 4798 619845429
288 4580 613410219
1592 3363 631815384
1501 3897 638557743
4050 4345 609603541
847 2357 615341341
2108 4618 620266803
1827 4418 625930248
4231 4295 606182740
2402 4656 638753126
2881 3366 631267069
2461 3037 639217168
1151 4721 603008702
551 1828 636307736
2576 4552 630557466
721 4943 620413467
3818 4289 619020622
854 4598 617905664
310 4566 623236828
1539 4647 597771306
2305 3641 614262355
1122 1230 609459040
2279 3310 633886205
173 1865 612594023
1845 2093 626168024
231 2512 629422880
1003 3221 622889669
278 3085 599440137
1809 3403 599115402
1321 2605 641645157
3530 3829 629556013
485 1358 604038228
5 62 629367691
341 4438 609319361
2464 3122 608845432
1733 2517 635007554
1991 3295 602426823
2467 4133 615575231
1238 3497 641503627
1990 3733 607053864
3046 3213 620402783
766 3661 608391207
1131 2455 630239815
1051 4147 639844393
89 3068 621421697
2194 4536 609925761
4490 4922 623348800
693 712 603789234
1754 1834 597589487
242 2514 618999408
2417 4817 602913273
1097 1345 609995004
3511 4419 639999898
1678 2722 610149383
1339 2077 601241232
1355 3344 629568813
704 3519 610128067
2581 4160 599969212
1796 3657 640871009
1165 1357 632890992
957 4952 629920201
3428 3935 620056993
1652 4820 635296544
273 4507 602861063
106 920 615160972
825 3510 630233028
1072 4223 601413288
808 4395 596847635
47 584 605117107
1649 2285 602182211
576 1694 627620387
911 4433 602670298
3681 4690 617347990
153 1160 603514764
2900 3494 626487459
136 1930 623336117
24 977 620923343
300 1330 632022744
41 825 629639581
302 4812 629569306
3429 4307 602837442
1058 3549 629318956
483 1341 603125706
2721 3364 631095318
50 2194 601544771
2827 3927 602122621
538 4595 603323134
2377 3319 598756302
2414 2840 617294937
3369 3966 617624314
580 2186 605430810
1781 4359 626426327
1189 4638 622018181
3694 4885 604308908
724 4416 626273521
2613 4834 618403109
325 3304 614593604
2103 3372 620846312
929 3913 628532271
206 347 603952274
506 4593 598263915
3634 4213 616144481
910 4158 617152373
2315 2419 635488819
1414 2514 611346541
410 3184 613799899
4219 4807 623856900
1035 3421 612675538
1538 2089 615042750
2300 4051 601322222
806 2566 616384185
1985 2862 641555568
828 1639 642284944
357 1790 610670200
3930 4818 638829769
1595 4142 640677894
1300 2221 604611853
1356 3367 614100866
2400 2544 608414451
912 4747 625880729
4241 4536 633409524
1563 3015 634206729
833 1913 626289901
3362 3545 623225114
3134 3667 637822861
178 872 618272190
1666 2580 626410519
1546 4409 623221307
1651 1753 622838692
2895 4341 638032700
1157 3562 621468751
1889 2617 630100982
3803 4404 598548033
1266 4101 630665738
428 4064 628286097
3898 4124 601588051
477 1361 616540111
550 1420 625927231
152 3328 611960333
251 2252 631347667
14 116 600559458
2921 4503 628258033
654 2601 626966591
303 1191 606060304
502 4652 600955675
1621 4033 641282321
1912 3073 612678336
2332 3489 603640736
1842 2802 616251209
556 4477 609743562
3924 4111 627012104
2412 4408 608825336
530 2783 623864279
4 2925 614710238
3288 4369 638187188
2290 2590 607336031
4201 4621 621740535
3597 3703 638758903
1167 2161 604654152
179 4784 601042282
167 4522 620602919
1649 4067 617461664
1908 3302 602114156
1907 2452 604565372
98 1486 641253749
946 1754 624190232
986 3585 640051813
403 4745 620261675
1039 2800 600133207
4189 4843 639674668
2602 4536 598018735
3232 3430 639517217
3788 4759 618127967
1386 3083 634146901
3257 4358 628088619
1933 3944 600077591
924 4611 625430412
1481 4063 615571641
1746 2892 613700805
1065 4579 618335880
1939 4434 604273823
3842 4534 642391220
487 494 619356206
4295 4953 620165943
3045 3774 610358308
347 967 597593159
2055 3392 602732595
2024 3320 606056108
2020 3483 604345753
840 2149 607049769
1021 3232 602171494
833 882 623610594
394 1141 611999019
1519 4591 637717731
1173 2987 633340982
996 1796 624159091
647 3863 629309943
93 2158 627756613
2419 4947 600378335
547 2947 636622594
1926 3567 619299924
1003 3770 621300412
1838 4678 623880057
800 1125 608114159
2639 3837 605902410
1198 1970 633196610
3363 4142 630959783
228 2270 624892278
3296 4065 615629649
163 4295 596923405
2595 3339 635643238
2027 2794 639702668
567 4529 614628716
739 2153 619918890
3410 4880 618626464
1910 4500 633672309
568 4221 631809881
2302 3226 642112324
675 1615 639745165
942 3045 620883338
3068 4249 633281697
1303 2809 628027454
520 3178 638605327
1513 4241 613913138
1350 2921 635790139
2745 4628 615717801
3489 3504 612566992
316 4762 631544172
657 2984 597875347
2869 4709 634105289
2136 3631 623454672
2362 3363 613962688
123 3804 619512484
376 4534 618916011
2035 4880 615238833
1299 1569 602692325
2535 3118 604939099
111 929 614586168
2350 3764 624695087
265 1188 607292408
104 1937 641060367
2624 3626 608876501
2446 2485 617538240
377 4057 596734249
757 2915 636722861
1088 3063 602451755
71 2110 625488933
2836 4093 599210038
2573 2735 639784517
409 4608 611538164
164 763 607794547
66 1227 602845312
221 265 629119263
2224 4074 610465859
2303 3693 600377713
665 2620 622277619
3319 4800 625937630
1371 2720 608089909
397 2722 614633789
272 383 635088480
1275 2014 626637175
239 4321 609866308
492 1035 627250298
1849 3399 602744425
833 3164 605068141
2868 4811 615178280
2513 2925 610424699
1233 3669 638757275
1250 4828 628976879
368 523 637036554
177 2749 620695304
3113 3447 623011910
942 2243 607909071
3931 4418 623015698
2408 4245 616801191
968 1414 612879809
563 2060 598330396
597 3606 600252662
62 1636 615157917
199 3664 613073424
534 2598 637109682
4171 4430 605873859
2561 3909 603034388
3217 4204 610697568
101 2150 619620455
4184 4607 600486542
654 3058 615856472
1587 3037 613105659
2566 4581 614502809
1752 3185 600479387
850 3566 621875163
1108 1466 612768115
