612
134 395 366636036
147 561 390013847
395 494 447443967
23 363 418303862
211 553 369628088
388 575 347749317
31 395 447717884
86 452 292775506
217 310 355528026
81 266 348812552
2 77 349862753
439 578 329838941
128 507 443811361
103 269 378625981
203 270 379280207
47 340 425709335
302 545 363243130
380 553 449163262
417 504 312985239
5 400 397826205
503 609 356548268
184 393 392776363
302 599 394271762
394 474 381896916
226 400 404554573
382 539 364621333
357 365 405321150
379 506 305168836
196 480 416065221
474 516 410078449
392 525 423050510
429 529 409502754
127 311 335094913
26 436 386768187
300 555 300021307
178 204 359234632
191 612 392596732
418 597 437262342
259 450 296317311
222 473 309072144
196 227 390327812
365 388 289057163
498 543 377010544
10 262 293561145
123 309 369006845
116 275 348068804
434 482 448325378
193 391 413552651
254 364 305900993
198 533 301905684
129 355 318507528
276 288 411622120
5 166 437148502
215 269 378850046
51 240 346297246
478 559 449002229
283 541 429655484
316 611 355494931
181 379 333356370
157 284 374018478
8 365 448573377
162 269 313062047
405 469 441495105
65 498 358649397
430 595 334003440
134 262 324142920
129 158 356660468
103 589 419457117
420 496 367435502
220 454 304102702
33 372 425553219
407 466 362121254
521 590 395124020
181 433 386564263
175 578 364149184
83 472 428465643
143 428 430554897
151 591 442839291
515 609 423814451
373 475 332566431
265 543 407378408
145 373 310736697
17 82 327735876
432 576 367953236
298 553 336753338
86 332 381052353
13 384 380934193
249 606 429358597
51 254 451749990
46 495 343640430
489 542 342459860
206 580 379802802
99 493 319048929
43 132 384707467
14 54 308337455
153 555 434368435
134 606 451011194
280 463 326722112
485 531 359424820
13 421 336774049
289 567 434185116
222 324 449119568
68 162 307810440
14 262 383786453
294 466 316458559
84 302 437169511
87 293 309476421
351 482 416096271
254 296 307855032
27 70 326272924
322 396 365048999
174 558 315710112
173 423 406512511
400 552 454550899
85 382 340330857
31 554 367523076
205 228 342719816
4 135 434868103
134 396 337963953
260 366 412994602
296 395 342658831
296 590 352706210
7 395 292108774
192 564 443719900
40 380 442849928
50 64 338231511
228 230 445079632
248 385 437536922
378 479 435990859
104 481 451648793
156 337 329405768
187 383 427247208
29 169 311062984
293 534 380223643
460 512 348654686
43 605 453810239
271 490 341306101
112 498 291743931
234 326 343393693
36 524 449861765
168 254 305008512
214 469 322288873
185 523 299120370
459 479 438323071
107 163 372242718
297 585 410915304
150 152 400694707
71 563 392776167
212 312 385752349
514 546 435602804
91 445 332147734
352 392 334900054
501 526 431365864
380 517 422313126
254 490 371769527
12 438 320324880
292 466 411365710
175 380 295790651
299 554 328626327
157 498 410344291
177 334 380564238
190 225 306851183
485 612 312546516
222 295 352447019
143 150 313210308
229 404 433352844
170 281 327923906
186 339 436533254
257 600 376579325
142 414 381974924
95 268 311512482
8 563 300204286
549 579 290669223
5 532 417681502
179 460 364906238
161 178 368619028
254 560 445568344
142 526 353144398
379 455 454678814
233 270 446155037
262 405 300166944
139 217 348489145
71 138 422802077
285 481 345039715
150 282 373136871
183 276 386245960
132 433 293611310
120 403 335763982
272 354 441867158
283 483 439010602
444 472 380129360
108 137 381984110
378 510 341056167
379 479 407791674
18 268 353127441
34 157 438902895
333 590 395143342
215 380 394114340
319 503 386249002
266 267 359268359
52 164 453824539
232 580 389228907
189 371 370785333
156 439 437524983
400 556 392094439
219 399 313870953
409 487 307685220
62 136 389432352
528 567 297279878
530 546 351746226
116 612 291742120
21 601 386719454
219 591 382071306
71 369 334417565
247 377 369728787
108 148 451850502
5 341 337693001
269 352 420359313
266 306 302026807
134 279 322372764
113 135 413833603
234 307 447155971
48 142 415041140
438 473 449421424
149 185 324733149
107 588 377898728
129 396 330267855
287 596 343925843
103 467 391108094
569 579 409262712
200 595 318256419
281 600 358631909
265 477 345975837
244 374 417449629
6 453 351837180
98 494 385090809
45 350 387995375
228 565 414092952
533 539 349292579
209 427 402509319
460 469 353433964
8 47 448643344
231 254 400406222
444 568 310316787
71 551 404839737
52 243 386987480
125 511 400496813
103 473 377625774
269 290 379186219
131 363 416696625
141 278 446626947
173 272 374909681
333 348 431041930
405 561 419360503
435 494 376828676
19 484 349029605
218 390 425484463
182 597 439448379
35 520 438275211
14 73 309415312
210 482 371316044
323 434 384057052
369 422 291669016
134 192 449007387
201 341 317082218
20 433 379901818
354 447 387268558
160 356 297841267
60 579 420678217
199 397 414262354
362 569 342895911
38 373 454750446
19 190 308873925
215 462 393034378
248 382 349144118
389 609 416888564
434 445 402135910
321 513 370227425
184 202 293004918
17 269 375211111
448 488 437780168
249 342 334693393
88 538 296220517
97 388 330783528
134 142 416523244
196 289 416699286
174 286 305363925
343 598 412446070
35 107 436730016
14 92 445024915
198 224 321504261
44 251 398282459
145 519 361679871
13 318 356363221
19 402 296111033
326 416 331502201
55 356 357651137
134 236 313609922
238 365 326615967
178 293 452020827
320 571 399556428
246 368 414457481
203 566 293949578
53 368 393027813
270 282 440980103
47 522 355988177
274 498 348899833
36 363 309684498
32 569 387697932
209 600 449906348
141 159 405854289
368 426 367562832
249 328 383215606
550 557 430584410
302 387 367161356
7 434 385587432
401 533 345367589
300 411 315500522
456 481 312526668
47 596 409224118
293 497 384905773
57 126 405841270
66 542 407536832
494 550 307354850
209 361 413054981
585 606 377409035
270 504 294168855
443 611 343842925
41 170 374940111
72 413 334062405
213 317 307170239
47 191 304052524
229 467 327155790
290 577 328168037
254 481 325741658
461 600 373078601
445 496 334279154
171 231 388158702
31 570 385513986
293 343 335512035
80 89 311933868
187 489 377885923
154 310 426240270
24 409 430090222
438 441 409139765
528 611 320777771
35 308 346391758
253 573 356579909
236 250 421086900
493 595 444659697
399 604 298010231
239 519 411172687
396 572 306064410
239 346 379103202
9 150 331691368
159 283 347760808
6 245 289821620
127 432 403345982
13 330 449155573
3 134 415736613
11 242 383544521
37 235 422277380
29 111 445329470
155 277 389649863
543 584 409503185
188 304 330170154
127 548 452187188
302 433 425501305
555 592 447131025
437 521 443691611
62 432 384745772
136 611 397948045
313 601 291828516
256 433 396824535
193 528 449255089
90 604 309744017
395 611 432013538
195 567 352179840
89 249 390444748
384 487 345456264
608 609 408628008
208 526 388880952
9 498 339445508
149 538 290557150
84 327 421973898
139 305 372281044
71 472 395629685
384 606 441356490
135 241 385076749
70 539 337413576
430 505 425637020
262 478 358985331
312 518 410983691
7 182 408183988
98 440 327568054
335 339 370421146
193 397 421256378
331 373 331182101
264 344 392272499
281 433 414931147
228 464 330982446
503 526 346941816
105 310 337467119
17 368 301427603
21 166 440481238
535 583 293835100
78 414 408125314
212 574 369640069
442 459 446310628
75 435 357051545
252 511 341035520
220 379 363382867
54 264 400254333
315 600 359927892
114 124 436656223
239 538 394827829
203 237 367431784
175 268 336109810
22 132 382908196
349 385 445115320
4 539 353070390
367 525 416058851
251 430 415871008
186 446 422397540
277 519 360076071
94 495 305264688
228 282 319851588
159 254 364241737
30 537 352271126
42 255 320142857
71 291 417539894
407 518 442144994
459 516 424111430
377 521 454108286
213 572 436622448
5 395 448059407
210 536 352427520
329 481 335471313
140 437 302965156
200 261 352898948
1 602 308592251
123 239 384193505
304 526 366000385
101 575 452372203
119 462 402343455
476 554 297875596
74 466 346149376
302 606 430264031
18 425 372740590
132 571 402653380
192 471 355684323
160 271 295218796
48 345 399401155
375 610 363805533
43 197 405259258
321 360 373004586
376 606 320273959
132 465 291516734
527 561 365470987
120 260 361471250
273 544 395840410
67 221 408207997
144 395 390561232
168 194 327352640
180 425 358693347
249 587 291498022
170 245 348161284
271 419 452247356
39 311 358778721
42 106 365592872
314 603 419823318
384 588 441422766
54 558 371987613
29 540 362607854
8 54 307984891
350 473 430904007
61 521 338950251
154 336 451869469
71 90 329521192
33 611 427451292
252 425 444385583
32 582 291057476
459 491 319187347
249 370 327802541
272 302 447309940
344 458 447426315
93 178 317689825
1 433 442725971
321 412 424701329
303 379 422227730
69 312 446668859
15 200 411877150
175 338 355242832
199 451 415024103
127 610 440536079
260 269 331776754
282 352 449972126
68 334 313215462
239 386 449560447
16 492 353877376
121 261 305673290
181 500 421593573
176 298 379866672
360 502 424530685
60 554 386313625
415 518 336829057
118 519 382452090
130 543 452096316
175 216 337908371
146 396 323102746
187 488 321020045
501 508 290224273
60 266 377181214
72 229 314465702
57 123 384712263
365 410 347580063
54 301 344253938
26 526 449076837
134 258 305690012
9 102 359591836
79 565 332202648
358 593 449092905
450 499 293904053
59 468 348604234
359 361 451201953
76 127 365953242
272 607 445516444
232 288 366853715
123 325 302711608
122 128 411712044
326 381 417916386
215 489 335713858
105 360 300530361
23 424 434798184
60 408 366207773
40 124 354869245
5 363 297632173
189 384 455267833
14 169 403235803
16 181 353034022
273 487 300973168
2 236 332707528
134 535 332090677
59 549 368586266
100 110 448071919
12 452 338619869
117 386 396145288
134 253 386323298
118 207 319909686
4 581 308140404
100 347 318279248
239 395 428384400
537 538 326818276
90 263 323001420
192 407 402751790
14 300 366496095
58 293 436952341
261 606 418230095
49 400 325127675
352 593 391194615
133 141 376026812
172 560 328400236
165 231 369427129
201 509 409344692
100 262 420317221
9 25 372418203
78 398 337822184
43 594 350831282
96 437 440228286
223 276 441292170
36 255 418160835
115 612 417747969
130 393 320583801
62 221 367375251
314 326 448416880
352 495 300852957
28 296 293300410
413 562 389074491
107 353 306014660
4 63 372061747
56 423 377331792
31 103 293866520
32 244 410967164
290 429 423995702
47 507 349897188
552 586 435323555
16 486 367377460
5 463 362227879
457 490 335396994
242 271 343289227
544 546 402094501
109 573 335711243
52 127 327957671
191 390 384658703
87 266 334991164
484 495 365801963
459 547 294751901
450 544 407200881
108 281 397239958
8 335 448245799
167 187 309074682
37 288 369040976
398 431 435024021
37 495 364550208
318 406 296520212
50 435 289824222
166 321 325996585
200 326 440437206
436 470 294454906
71 533 425575094
352 449 293792719
