3144
801 3008 798713416
1842 1948 457894032
1492 2668 750250241
2099 2652 724427273
1516 2316 697306542
1775 1823 567776330
268 2961 535677949
1548 2441 632102331
2485 2925 511992865
284 2391 459207357
2228 2752 575454087
1661 1779 707511304
899 2076 755134281
699 1743 736771441
1355 1774 516267201
991 2391 682137355
625 1606 461171003
2001 2486 672097347
424 2769 863417716
951 2314 729631833
871 1899 826398701
1326 2769 733118456
1240 1405 595161819
139 1602 669790393
2057 2131 488760117
224 1021 767686954
389 2416 880477273
1121 1342 836622373
124 717 649807280
563 1267 882051373
935 1752 546605819
115 1357 806611611
245 1452 735473694
2695 2699 834058020
325 3066 559593798
94 1507 605189263
2476 2699 869857496
2999 3025 819440342
1291 1919 840025668
1132 2127 679184933
179 3102 592095391
1117 1327 542887488
298 535 471695025
1916 2539 457923281
213 2320 790906661
1589 2785 795024450
651 2909 618602346
487 1226 522761319
1336 2535 584737706
182 2708 635438987
130 2187 871425915
1706 2425 761273285
2019 2284 724519725
727 2678 553630007
643 1038 868198905
1211 2757 734038188
748 1607 537348939
578 1010 776422506
797 1808 577694446
1958 2232 901796135
2224 3054 857739584
1769 2600 575682730
23 2140 725032717
2294 2596 615175549
862 1150 871682773
1962 2861 512729854
216 1460 809870162
674 2653 512129143
1906 2948 575390645
526 2173 801906117
1092 2251 725796940
145 913 660395328
252 2360 719836944
1962 2175 627037966
767 1368 563733160
492 1634 697210977
503 1816 499049675
2354 3092 890093125
821 2718 474928395
564 1488 458537480
1406 1457 465262297
2313 2732 772040192
362 1816 681516074
2069 2880 634295586
1421 2621 569941037
1502 1688 458009818
307 2130 640518583
936 1129 751061398
682 1339 826975024
648 1255 800042822
1710 2203 512202028
1286 2749 499773525
752 3000 590493272
118 1387 837547438
1064 2889 842568305
873 967 563234674
2217 3065 617084175
344 562 717406969
1365 1536 789707220
1926 2773 601056751
1050 1674 852051107
205 2250 873000169
580 1246 563586961
721 1116 725657989
323 894 817680334
482 2050 595024005
1123 1353 530956660
768 1691 690736783
917 1642 812228030
189 1047 764860792
1209 3120 567153905
663 2191 601800026
1414 2442 595286750
143 1983 463429672
879 1030 489221548
1298 2886 607953713
444 789 747786768
776 2346 849775944
577 976 708672828
1308 2735 821649145
72 2058 498834018
2217 2443 840011255
1838 2546 459897782
200 1397 707544074
2472 2791 498173635
1759 2272 613573380
18 1205 646470439
1304 1512 785248612
1491 2663 593006548
1469 2375 854460479
790 2263 516721599
21 96 643547443
1396 2413 474839782
410 2357 579908043
2163 3046 888938218
762 1711 494852903
1811 2037 899115210
429 2889 685259410
562 1980 710000423
1653 3092 858151072
1048 2716 462980538
591 1629 784207496
226 1276 483001942
1087 1572 705393422
2234 2627 467873179
2534 2580 905644337
2057 3026 833244503
711 1695 541160217
1300 2746 760551519
1550 2905 789892764
1161 2625 544752734
1144 1345 751604291
1691 2788 628825176
1498 1540 784795490
842 1587 569882145
127 2802 631781952
161 1860 793273317
644 1703 755047988
1012 2249 878823925
2232 2665 657202000
1254 3032 756395839
400 2286 687155829
2571 2916 865429561
538 2112 625840349
553 3082 765462867
1508 2239 572358669
3 2945 754720885
252 1068 885168151
1644 2954 879935747
249 833 723674498
1483 1538 593491173
2533 2801 823736562
1998 2840 850222170
2287 3042 787758770
23 2205 502834989
123 1045 507214325
353 1833 887545949
905 2149 832375202
279 2069 812857504
570 1302 835181466
1937 1952 889543320
1347 1515 846215452
1221 1292 583916348
2818 2923 893988906
2468 2941 543643521
449 1298 642715331
424 1219 855219422
71 1471 515871461
209 775 853957109
6 3039 566817009
675 1890 551680543
147 2527 722590806
1305 1497 647315773
911 1600 828480745
554 2179 480263768
333 436 892384238
1959 3014 797790416
2237 2303 462080556
1235 2561 719188932
608 2557 773956089
1073 2237 622661182
553 1793 556332140
563 3114 600676589
2475 3085 749088208
724 1887 665430303
895 1574 658929913
1284 2868 526417080
1486 1792 905132701
1165 2477 746983279
525 1161 887597115
2000 2802 673283319
1948 2274 733914073
1492 2712 797910628
21 1274 588856060
1633 2587 500186392
1684 2325 822068606
923 1036 803749648
1763 3111 536760680
393 2659 483926544
1924 2419 460213199
954 1170 903183645
1856 3136 827711287
445 1712 658846307
1038 1157 568744682
1620 1760 697725800
868 1974 491784576
882 2432 517593628
147 1189 901832885
426 1365 645827680
2187 2876 868511359
156 2814 824819281
219 297 471770101
1920 2030 762413183
912 3115 570871799
1178 2193 748190900
504 2896 481740158
6 2552 871089120
381 1726 816787820
1598 2510 622954265
204 549 825311544
730 2276 733550624
1268 2820 493661894
1058 1573 512122281
154 400 497867180
1850 2683 625377896
1088 2450 571955024
500 2832 905609423
645 2283 686356748
660 2652 791136059
826 962 894091844
27 1163 489948701
1433 1531 628170753
820 1482 489182258
1542 2072 476017807
701 2566 574757707
305 2615 526106102
1056 2987 523184420
301 812 615801244
2481 2546 856212444
928 1077 779087613
2561 2852 552817423
727 1746 733789840
1054 1153 706526881
1637 2785 471211563
1619 2908 463824920
1704 1956 762656619
214 1671 500510378
808 1778 562224010
901 1475 833843772
774 1337 531861712
1492 2762 847851655
749 2424 884178564
942 2891 865690375
1151 1548 873487225
207 1886 794903316
1213 2154 758046287
327 3110 486172047
86 1046 858310751
181 2875 488155147
1600 1816 820975877
314 1794 764457187
989 3144 741635026
156 1469 659394318
2652 3067 794777928
1808 2257 555182790
719 1384 595191280
62 2757 774024622
993 1090 574483723
1881 2784 725300805
1233 2151 675542170
52 378 761520602
539 852 553600620
1062 2998 905617844
864 1974 758194940
2343 2467 553962000
1609 2394 517440335
834 974 803898349
1548 2894 909312914
601 665 914352053
1054 2358 733510853
966 1739 727251015
2431 2795 466367553
2605 2684 677072870
1191 2075 598331371
1370 2808 878444672
1793 1889 660599051
527 1836 772735702
666 2172 899041016
2965 2971 626343672
1477 2048 566379349
1542 2599 743217108
585 811 771633930
1233 2661 624063190
206 2249 601916471
2473 2590 802120178
1303 2519 756187150
923 2328 505443808
1516 1689 762242656
430 1861 722085905
1989 2382 479329656
2254 3064 508110143
1297 1648 705078957
1853 3141 534870771
810 1171 661467766
176 474 545166773
934 1287 655319882
652 2225 582323474
1950 2979 689390640
816 1399 618185602
1669 2577 523002207
2355 2584 736540579
2834 3084 779900407
1073 1100 596266307
247 1232 787678437
1513 2566 799437262
128 1774 663914544
402 1242 697131995
2117 2658 652201189
1825 2912 807756541
1337 1871 766843403
703 2261 710892200
852 2479 706421652
2716 2965 627986569
1643 1932 533031741
1280 2819 884144072
1777 2211 866875017
517 1993 735333045
1514 1790 532542590
161 2818 503355147
407 438 697159945
923 1163 651134442
1178 2898 908366889
1683 1960 627557622
2090 2811 726543194
2337 2766 505118814
527 2492 836983079
1212 2505 552892135
193 1363 896204776
849 2243 533817120
2677 2919 844672961
1415 2680 639543922
81 2448 500911183
1643 1839 644766991
1791 3105 905816131
134 2285 693141811
1626 2891 912479887
678 2164 745791690
1014 1521 784741523
1902 2490 799452373
491 1908 850740850
371 1767 721118778
2901 3112 657240823
565 2484 829815259
839 2802 730654727
627 3110 787640705
763 1828 542638183
1768 2479 715011438
1086 1335 536629857
1720 2425 789242714
2279 2299 739733744
712 2897 822587260
192 3136 587840358
2290 2889 501042643
1574 2637 620795759
4 1500 563178748
1407 2845 802857765
2261 2798 575872083
2460 3132 666434685
1180 2984 749437143
153 2812 810202644
238 1771 910542149
2151 2481 464612400
1610 2611 680916704
1643 2758 660383480
2117 2369 909736392
1387 1701 684011529
165 2977 883428481
1321 2194 882944697
1574 2645 727459933
735 1474 602318228
590 1713 493533789
733 1347 601695482
342 2304 878265621
742 2289 729802376
322 685 890510263
189 877 895620298
1175 3004 731754094
723 3074 772606600
198 1912 902975285
1208 2057 786245590
1621 2771 734228489
753 1882 705902085
763 1094 500798464
2059 2881 563232451
272 1702 716533060
950 2807 463444585
182 2769 483628400
85 2282 800406159
985 2244 655356613
2163 3143 868845482
1076 2266 551496849
255 1715 591094738
826 2633 553856425
1041 1511 835231348
124 2342 747175055
863 1318 725113263
1009 2069 797452405
582 1877 620539846
1618 1708 760800244
108 1257 534470066
597 3016 779938058
1663 2060 686352011
913 2851 457409428
47 1597 605257003
1185 1726 906010193
1054 1783 689205066
362 435 625934868
46 1139 461057261
838 2108 822952900
637 1010 770315425
790 2847 607421600
2357 2454 900571819
793 2265 503044281
2302 2887 634052337
404 2595 878219103
33 2756 775298315
288 1080 678069153
1861 3089 560967166
27 2469 771586540
1544 2980 767888745
983 2262 458686434
73 1554 490659824
947 2196 830849525
3 3004 858919719
2337 2423 779485280
906 1156 524766381
1482 2554 553984203
432 1813 781633112
1301 1679 891802903
2185 3083 784614385
177 2201 836075129
86 2468 871592373
1449 1882 781305057
133 1368 632991768
453 524 652569506
179 1533 624471638
1759 2512 593613104
674 2534 872841370
687 2792 802230629
1288 2245 761088475
572 1628 870910762
37 2683 638250804
499 1581 563081942
681 1132 872882427
2212 2522 613744968
1698 2512 727591648
2650 3017 687381806
855 2200 465572104
568 2697 592761545
2078 3120 667096113
302 1020 665697911
2173 2734 641734933
610 1324 471491005
1238 1933 909063217
127 860 739318190
2174 2321 789704551
2026 2528 627220914
676 3011 651952369
177 519 718227259
2763 2831 513716877
535 1878 504022562
1427 3015 491705334
1354 1487 612272963
431 1577 491311488
428 504 732068676
382 2053 566330490
1807 2057 582504953
2115 2218 736758007
321 796 864426089
2468 3140 773802555
1311 1903 638518922
269 633 497246427
2432 3082 819428623
658 1532 819368991
2407 2667 697583964
684 2009 771895769
1728 2528 651510912
1267 1583 600080995
450 2069 647582591
1891 2404 472606425
749 2802 771503008
1497 3009 751952438
214 439 594136045
4 1668 811511833
1987 2985 787924063
2282 2775 624184566
556 1313 828966568
2323 3081 569168145
782 1260 899849858
268 3061 817682419
55 2443 802950661
1322 2438 621515928
981 2748 562908411
1060 1513 522210693
166 1017 876000081
2239 2693 796411540
986 2438 577385639
878 887 677195787
728 2396 464271982
1248 2561 572391282
522 1998 733518145
6 723 499293659
1225 2480 541512417
2589 2899 591718788
2314 2769 638403397
2687 2982 733850933
991 1557 633443610
27 2241 471579000
1638 2837 717993351
788 1773 708885612
2331 2932 682179096
376 2937 702838115
1692 2460 779339018
711 1518 851174375
1227 2570 595714107
2006 2084 907845098
28 3068 693820541
417 1598 867410812
639 1133 823493381
809 2512 649260383
790 1377 615072416
977 2043 725827969
130 679 885274684
1618 1654 693497364
2383 2976 702830416
2632 2891 916094595
1788 2949 529850762
622 2209 468174945
988 3112 779964408
263 1849 889075913
771 2523 723812751
424 2624 592117643
672 726 864890322
253 1380 575850309
140 2748 724301240
887 966 645380094
543 1171 791900351
1781 1796 722534766
828 1356 799083425
805 2877 587324816
885 2785 668523108
2031 2698 463910192
411 2219 597903014
2545 2698 598419968
568 1015 793033675
774 3006 570052424
468 2944 666234865
1440 1873 713911533
1566 1749 669003535
526 2859 829118883
1212 2002 731627508
268 3017 523009592
2152 2673 714462091
692 729 909819112
1566 2719 743595898
1628 2686 617700517
124 1455 804585098
447 2143 862131258
95 2494 726695418
1099 3079 691402128
1204 1449 686632965
798 3072 815481814
2249 3129 631294106
554 608 614192525
1201 2010 826184208
464 2375 768699491
471 2663 838606010
2060 2930 517534907
1271 2104 816060644
223 1290 715938550
303 2805 673203929
2505 2754 712434937
1787 2538 795311229
1042 1957 578642745
663 2678 892633353
91 1902 731777629
504 1419 555843562
1372 2117 810666943
754 2288 544770888
486 3004 538075766
1135 3002 799612472
1517 1733 524125534
54 2378 748986340
1380 2625 804095754
1476 1898 691815750
48 774 703808179
345 2759 610186421
1095 2122 585929954
234 1391 576936069
575 1771 800803976
1288 1421 519736361
396 2230 892208601
28 1726 869872425
437 645 637350504
1338 1618 832265937
1026 2404 536807754
545 2739 802565212
45 2083 618208484
2441 2935 509598600
686 2512 874817346
408 1576 870675613
1177 2119 606727582
1245 3081 850970124
1432 1751 853758406
388 1622 820156373
1311 2890 556416688
1724 2347 721916570
1475 1795 848183807
248 804 603423769
156 2343 555534343
1233 2338 878541890
418 1742 836219474
705 3137 491320220
1192 2156 696992126
1328 2177 793958072
426 1841 813350111
117 2654 909753679
354 1169 607979678
244 713 479466886
2086 2831 756135190
2223 2691 640794297
84 1057 851594771
1451 2655 549482057
107 1264 657082996
1652 2352 479919144
198 2676 558466011
1484 1721 769538564
481 639 886502559
1708 2893 789614526
462 2739 589234654
397 1990 896164130
670 3059 693406661
906 2648 743165657
1900 2344 631951532
475 1062 561775815
1219 1591 815500923
1049 1427 544828000
1471 1814 758104678
2670 2808 814614561
1803 1921 598897202
1527 2528 717614764
261 528 713689226
2432 2911 764986459
1417 1540 805174812
975 1039 911405731
2885 3116 813846237
724 1450 711769703
338 2973 700038946
609 1312 818474914
1233 2395 696878991
568 1574 814231203
2344 2770 729557566
707 1594 615968181
181 1216 683192083
1381 3019 463483837
2181 2497 762109753
813 2491 612906741
881 2677 567092109
1531 2357 522264969
1301 1696 729311375
1386 2836 688588138
46 2528 591903111
727 1007 689719019
1165 1348 648387740
779 1159 717204230
763 2547 697108233
109 2704 914731449
636 723 666253127
1947 2759 689955589
322 3012 906657122
1421 2211 889313124
1897 2205 893945413
615 662 478759878
863 3054 535759224
516 2945 608778613
991 1419 679678046
1348 1461 611298131
2701 3043 661171301
696 3076 518791494
2317 3120 457508206
35 138 775931035
1297 2285 530915451
1030 1203 590836061
2195 3065 476630045
1090 2756 654008452
2376 2603 763442155
1833 2551 650625040
560 589 802517341
1520 1781 669160713
1162 2865 524152918
131 1572 656865252
72 989 471295391
1538 2376 835852467
96 2975 587595577
1182 1994 794488303
465 2743 628093450
1137 2633 749159471
522 1424 652995159
2670 2966 637397005
629 2903 598195743
32 3116 774967957
266 1317 790230169
843 2453 478795817
2492 2819 698137521
324 2598 613961648
2614 3109 643660969
569 1444 723263570
21 364 869686506
112 353 615626620
876 957 825844467
991 2688 542616278
695 1425 510413437
2334 3109 885487570
1954 2592 827456229
113 2783 557441990
451 906 634742493
1681 3031 653314238
1233 2276 743736038
1025 1870 522167519
401 512 701399858
394 606 853821713
193 1959 900055920
588 1427 715435993
354 616 808867020
2481 2651 852883719
66 877 875712274
2036 3132 886034896
373 1808 893233678
552 1543 879191204
13 662 725160023
849 3082 912015671
480 1471 620071469
41 2105 832340277
1431 3028 617399193
618 1162 782726539
1638 1928 695244139
2505 2926 855826849
2052 2989 766471655
1145 1538 640653909
29 1990 910001884
2405 3081 541774973
332 1390 534526848
1261 1818 589231100
485 530 644062735
706 3054 673546493
2276 2596 872422231
1042 2023 516064019
2155 2162 575291538
375 1554 837106592
497 613 490508644
1200 2793 640862710
1208 2816 578414199
457 2231 693788830
1167 2054 545159987
103 2030 582053698
667 2524 542984858
994 1396 899306342
319 1847 490860640
1902 2784 825133653
315 2247 464388289
1103 1495 563348913
1206 2957 495890929
178 3013 505368944
2062 2646 826530800
225 1122 739238858
1782 2381 798945368
2184 2392 776383169
2625 3052 855318200
841 2945 496730527
439 1262 710458838
538 1689 538163870
1226 1298 496087434
995 1136 567200135
301 714 797380180
935 3132 844120301
1652 1772 485149981
385 2986 455570010
1547 1624 881027021
1525 2000 730802544
1103 2264 648360764
790 2228 601264343
875 2092 529496016
153 2586 474422225
71 1274 910025351
862 2057 613388845
498 1353 571482256
964 2622 834750299
1659 2973 605316537
848 1828 711939060
1434 2561 810787005
185 935 630235054
257 2928 560349165
619 1817 830557307
889 2575 765484057
757 2514 470892085
396 2503 681227451
675 2364 523975831
254 1096 511435682
489 1914 806392405
1081 1868 862772457
1261 1964 835553702
2666 3126 733039666
715 2815 454255736
61 1203 563554956
241 950 497082585
2473 2938 707597670
1527 2940 544106385
1594 2184 770509987
795 2346 681961610
2156 2810 835420712
1779 2651 497028553
2188 2205 849360310
1515 2831 630650041
127 1488 481673655
1171 2979 754118471
684 3113 721572265
747 2032 824712597
1567 2042 876063538
1250 2895 671336624
933 1646 562050981
1686 2180 764070045
848 1717 645459196
1466 1891 479665663
239 806 604950370
212 1277 551704767
891 1538 639117770
1812 2779 546301867
1437 1709 521808237
1652 1846 623397235
322 2384 755367332
1019 1424 525454987
684 1272 843292086
801 971 909338800
1972 2278 575550428
1848 3082 509405556
2699 2881 589867656
221 1699 560218323
23 923 584886553
2823 2976 873454702
1680 2030 637426450
227 1851 633204462
1551 2906 498602852
329 357 605446231
239 2609 641184558
804 2608 728935231
3015 3107 528649025
1656 1751 564336032
74 2625 553182231
2386 2705 822634955
1806 2800 868213834
450 2474 532773605
3031 3138 655951758
1791 2276 649246997
1304 2677 776360764
91 2162 691552712
1252 2039 490221147
45 226 867315555
2049 2377 559320739
731 922 637023833
261 2448 561542400
1730 2420 563371481
1487 2881 906723835
1138 2727 499602937
153 1524 829024613
1854 1889 466292241
1487 1596 750411664
838 2095 895050786
2331 2615 896916266
147 1715 914662486
456 1016 623284173
2911 3133 587506099
759 3120 857591221
407 2761 549660425
183 2320 516767752
588 1335 509167447
874 3006 573034902
1870 2094 896479985
2072 2924 827797162
228 1003 809183106
510 2512 656394056
816 1315 783666440
618 2160 751916625
1350 2528 829381810
1458 2194 713554551
2351 2937 522802738
1838 2943 623699222
1125 1714 474930394
874 1394 898986060
129 2911 712328311
1948 2082 641130398
887 3023 705808725
2095 2760 856434099
513 2260 664556269
888 1228 617694439
2064 2276 722376625
431 2372 708438402
15 88 530354810
778 1541 547532857
1191 2391 528614431
1592 2097 596882198
966 1287 517378218
2 1526 574990293
680 1138 899559110
763 875 876699228
1334 2021 903931555
341 433 714414367
70 2060 489834245
371 1193 872520833
1179 1566 848599382
630 1584 670732864
1800 2117 664632939
2674 2683 806566905
50 2188 904249852
90 3108 552484209
1604 2706 751138115
533 2737 881347136
1954 2649 748137767
227 2802 863173720
1190 1987 803480292
2201 2993 788684238
548 1796 559178602
2602 2625 894117501
333 2228 714290458
1395 2546 727404931
118 1341 897813378
332 1350 704377496
807 2146 504593166
1616 1770 747949004
654 2269 637564431
188 881 526582938
170 1054 806935728
1175 1705 461832294
2870 2992 475375132
1958 2675 482688399
748 1966 805675761
401 2762 834130734
1323 1864 746295709
1148 1578 623010680
1128 2449 530649510
93 2550 568894625
591 2287 583757585
127 1006 897960938
1552 2310 750344371
37 2103 648824385
179 2860 889962064
450 1471 485179205
1223 1828 726210978
1858 2302 744276307
895 1432 582699667
1076 1078 720391699
2067 3062 806444869
199 208 503890698
2296 2953 463194373
1108 3100 520400833
1436 2227 841106976
649 1104 609667700
1375 2654 617418979
1543 3020 495814738
1407 1438 568225327
120 1754 750910383
1115 2588 910328508
2513 2787 758211959
1628 2019 634983106
1269 1558 899514734
279 2824 837054722
23 1730 886053019
317 3119 735317207
1638 2091 570401941
314 2379 872495351
827 2165 698806298
2235 3050 840412213
164 1335 710601901
1746 2698 719542133
1251 2990 520374507
1016 2786 726447207
1288 1866 699404591
1589 1641 638685570
1506 2448 590456944
948 3084 697443885
510 2902 892593334
516 550 914359823
837 2488 895551527
881 2060 638140821
2275 3082 707318814
11 1231 780992970
300 554 499459678
688 2594 626824973
1343 2391 468812039
753 1538 890917831
1256 2824 583153777
885 2345 912753339
110 2778 781123156
487 2804 681152118
2528 2915 525306420
58 1359 847604490
2341 3069 770290753
490 516 863341825
1893 2437 751423389
163 535 594991010
344 1857 805890992
972 2723 898526981
417 1764 720222447
198 1520 767792632
247 1640 865823146
545 1870 651460831
2372 2502 523016531
604 1985 539514553
499 1891 656823541
71 2701 582343811
469 3110 911348109
763 2576 572070245
1707 2824 643211710
1566 1876 733905842
881 1961 784144764
459 2417 637249939
2649 3057 834595195
1039 1531 679651898
356 2768 603327974
1721 2208 467680774
902 2118 530347423
953 2624 536688815
811 2703 607891080
2062 2677 877587037
2716 2956 587466653
692 1683 566515208
812 1822 485013693
632 1772 593601567
260 802 650792969
487 2855 741191272
723 940 758439054
1049 1984 584309921
2082 3022 580924317
367 1433 598010177
1129 1574 702100757
619 2484 699305317
360 1986 605367477
770 2716 518151918
92 3057 902246091
558 1907 540969929
182 1388 562155015
23 2701 649752700
2397 3015 662075096
1323 3134 886810196
819 3139 494827221
122 1052 625610440
1614 2615 799260095
285 2611 834461895
1310 1446 654241771
162 238 584478688
547 1169 513569451
892 2497 474805279
402 1140 811557976
715 2280 717987739
1962 2711 516592652
320 1445 909936385
1988 2399 472950523
390 2556 706030781
2582 3044 714490155
290 407 799149829
6 169 638367089
2197 2365 514278022
267 2571 793776576
156 2798 477321408
1013 2937 557058836
1379 1392 663100707
307 2498 894875921
38 1650 506457776
2006 2305 618868371
881 2702 557492833
1441 1492 840077032
2231 3108 520671579
349 828 498613307
1171 1253 878180666
332 1070 846084168
1044 1563 895863449
565 2819 514729526
363 437 632999763
953 1809 891820510
56 2411 523843498
2130 2320 835272814
1246 1539 469931259
66 779 772029376
862 2273 535927520
279 711 877292111
967 1825 564828689
339 2274 777912623
487 3016 904748005
194 2297 797215454
236 2849 692921497
2046 2672 568444305
1534 2296 495046447
356 541 511261807
761 1786 851029064
576 790 517695541
1466 2917 596219556
1748 1926 859231402
1246 1454 491010524
897 1359 753779566
884 2577 897799769
468 1216 912596737
579 663 855810370
914 1212 864918432
2267 2850 843226339
1501 2546 861026496
2677 3067 460954856
1816 2019 735283046
1028 1047 515316402
1267 2236 489575682
838 1754 738830077
1012 1639 842596432
485 2057 820626399
502 1791 623094157
235 1886 534224252
1597 1729 845612427
1197 2957 598439657
2642 2690 466033935
134 1757 689304498
2062 2833 753301587
1986 3005 533478489
1085 2621 692878694
904 2684 558561810
103 661 659405150
908 1768 588471164
1349 1845 861154309
1071 1519 700185158
1283 2137 479475917
46 1076 576657847
2287 2826 598163226
172 3024 650054201
511 1580 519801452
615 2001 517230746
2546 2918 878314846
964 969 662797922
2611 3082 754978899
461 2312 708183611
1081 2238 877101382
1882 3060 510807124
887 2357 879282175
1156 2884 764822501
26 3063 869428014
108 2669 613190853
2708 3003 866430540
1381 1510 599955732
1747 2606 546984588
1017 1071 464441747
1334 1819 649040570
466 2123 830833925
1991 2355 617785916
320 413 765109764
160 2900 585459463
1772 1977 671748111
540 3047 861996819
553 2110 882271488
2229 2991 622524657
1604 1801 618495690
124 2442 862505705
1323 2538 821233661
220 3024 454739252
1421 2746 775976494
1731 2284 650093604
1331 1811 639855509
1302 2755 463062539
590 2033 706601894
1796 2489 631459387
937 2499 544653052
1744 2537 776435829
1400 2266 461031492
683 1713 801713470
912 1305 816391110
1692 2398 899312082
1373 1933 663063295
2154 3025 476715265
994 2139 658661750
565 2265 623549150
563 2123 773619744
2553 2850 746203756
1612 3140 787706798
420 2934 867572380
1348 2220 902319180
119 2909 485294275
160 1843 729734775
1955 2588 703178952
593 631 879888358
1424 1791 649033902
1836 2332 538233564
1806 2459 895371949
1287 2912 867592121
677 1540 697677020
174 1807 745120219
277 1178 538470340
1934 2854 535035250
796 2625 690063092
137 2867 608793069
1814 2330 694021356
1168 2317 507650618
776 2689 895804726
653 2972 768295772
578 2636 749994752
286 986 725899408
431 785 699202945
46 2337 837940457
3037 3139 836215979
877 918 588035945
2148 3045 574721857
78 442 798342479
727 1618 482061322
337 2131 549929048
711 1021 702995111
54 1943 611319753
1097 1307 596023082
1772 1860 775748397
202 561 630824173
439 2839 753473200
1723 1990 886674105
1043 1081 577504982
1510 2107 736730544
586 1474 913794239
604 2346 858299223
1772 2858 618724954
1221 3106 776863489
257 982 548338759
648 1477 841682569
1052 1315 603212535
78 2640 493408914
157 763 739277613
837 1571 828902983
252 2443 663116927
1843 2842 772419633
737 2432 690082829
237 2921 720512401
1603 2985 747750381
774 935 867615690
2646 3077 756453088
986 2732 595493037
2195 2421 454475278
1010 1336 840950219
1410 1752 507799191
2306 2600 836967723
149 1568 723346594
299 1309 559834632
839 1408 455791685
2478 2546 547860961
409 1314 459902039
2647 2817 723054678
49 2384 718922925
1265 1663 851945523
1826 3056 915768046
105 386 464523771
2061 2193 861752681
244 2904 653995066
231 2289 699079227
179 1337 827117948
3006 3034 461445676
1858 2265 686763401
1421 2202 727904405
551 2539 861230719
1206 1345 600447735
517 1842 661628224
446 653 631373876
861 2700 782891531
555 2761 820467888
1840 1902 710477496
2231 2868 478323153
1210 1612 805737136
2749 2964 707807027
189 2276 630048490
548 1884 532360684
643 917 826283607
697 2158 910049110
1054 1480 792013584
116 3122 897159144
153 2920 746366786
245 444 801776313
125 1574 862825303
12 2029 549127182
31 1881 894164815
1162 3056 741392112
261 1324 813738471
1386 1913 803297229
583 1133 792809821
987 2695 577022286
2142 2862 890673710
407 558 835058635
817 2855 511352176
1264 2045 761512654
1858 2992 864760511
279 3106 780855087
1981 2344 633677342
267 2562 853453666
353 1832 860661005
748 1129 906213490
431 502 817792856
1202 2071 461876904
893 1303 527978888
1155 1503 894932525
1482 2454 459173651
184 2737 641919508
531 1889 676303891
1054 1218 863235234
1007 2098 485993429
1989 2231 484141955
1131 2994 575877745
1346 2217 493799810
2188 3027 717701126
987 2795 675898977
59 1799 722933318
636 3011 705124731
279 2579 882165202
1836 1908 495327832
328 2642 752855537
329 1829 564302039
273 1033 474831995
1176 1928 773623827
1314 1375 487435981
68 719 762445976
377 729 616899310
1718 2324 559597787
997 2594 611708336
1119 2262 848447283
167 2545 836711898
1749 2041 721108168
286 773 542078607
607 2312 798737882
1762 1821 911502358
1093 3107 506391421
662 1010 557910885
2747 2772 592914992
221 1843 665249085
1258 1425 588030272
1837 2425 675456896
400 2494 480058227
476 788 839727073
2054 2728 699706459
1967 2724 613937109
470 3109 605779089
250 2954 669877653
548 635 513697445
42 169 462346691
923 2412 745517451
1303 3038 879429762
219 303 667689189
2126 2573 642486146
2606 2752 800996585
36 1248 743637731
748 1715 794044484
1955 2274 776733728
2301 2678 577603263
1072 1869 736398385
447 1135 458895804
1296 1919 910509560
1325 2626 529607760
2340 3079 771105339
2585 2664 609011204
911 1427 568149964
1371 2867 533494340
604 2425 883186112
436 992 904923604
1665 3053 769386687
246 2936 512620016
1514 2093 875000209
2600 2629 475661768
1743 2766 639399706
495 2908 816984977
708 1742 733977291
105 3015 804268836
1971 3085 737845089
2058 2187 502362930
2569 2699 607902514
740 2723 832269284
336 2981 462109453
190 2610 473874497
425 2769 538532332
2047 2459 609019745
910 2185 783973339
540 2246 862321276
1871 3051 564743275
1172 2585 562153520
1341 2228 817879396
9 1688 811572708
612 2781 523741375
35 2047 510542665
393 1353 633779365
397 744 541397926
195 2276 599774606
643 2342 792421734
1061 1736 830543816
921 941 859458403
1315 2485 696583032
196 657 901509589
211 1545 855458546
1020 1540 772072364
620 2495 805742617
1468 2941 808208492
1332 2845 539944630
28 1545 758531493
1848 2673 673389012
165 2860 862968289
916 2108 625821167
315 1520 626351808
1785 3039 881722656
1048 1570 875573881
1825 1977 507777901
270 2941 741646911
2054 2939 669000306
1050 2016 481434696
769 1140 868320871
234 1117 558469761
1675 2687 685642984
891 2265 775345620
361 2370 835561651
667 2189 812114722
609 935 637123476
1389 2509 673474989
48 2057 856327022
125 1622 674972370
1164 2715 576570987
944 1493 848257773
1449 2158 808503103
687 1211 527822679
805 1977 688678186
1111 3049 700522156
319 3110 483808853
2390 2956 836235687
2300 2806 501436526
941 1071 543166690
135 606 770272632
251 1814 885824169
2470 2990 585534530
43 2708 511498656
424 1361 610634017
312 1896 848262104
239 2199 798204583
440 2338 795936489
1454 2080 494592245
895 2197 534543129
478 878 622840650
1761 2857 488397954
747 915 796254261
2356 2779 876955113
882 2556 889766756
650 1597 626905862
301 2484 510810123
911 1226 733125667
247 2473 688100651
439 1105 850029981
701 2422 703096385
750 1068 514146693
2408 3078 700825288
479 644 910457871
658 2677 678879355
369 2621 752024394
906 2746 512074875
1620 2641 737529906
663 1737 480717400
669 2231 550863209
768 2040 777919627
1934 2246 894379659
1928 2432 521300360
516 1376 846539622
1481 3098 693872117
1790 2822 892140318
340 719 723598044
1383 1819 906044317
1667 1872 715041240
271 1002 730411961
44 2673 591832210
1849 2945 911629899
98 1101 554847363
2285 3099 719831782
797 2835 497081086
550 2246 463303691
1089 1869 742617193
2088 2752 895750416
772 1999 616433682
1918 2473 545676349
347 990 915908990
1218 2713 648065974
1000 1160 593903307
890 1968 838057207
874 3053 578483446
1312 2190 571847192
1969 2406 636657374
35 1040 496692302
1725 3004 745551731
134 1421 664275458
656 2619 500360531
1478 2762 544432796
1242 2945 518965114
2167 2342 531696263
574 2357 637813983
49 306 900785336
13 2838 503309181
2366 3110 659527669
1491 2555 907515558
383 2250 634851448
267 2003 575630357
159 463 822087465
1514 1654 701241676
1450 2691 860083036
169 2931 726680286
1625 2821 876446907
1524 2794 711094468
1320 2233 705636525
2144 2774 694832568
173 2108 639673222
1001 1522 683806762
1039 2963 850296693
821 2580 707991503
922 2511 533024849
1310 2764 833175287
822 862 468272015
1297 2869 756692061
1370 2169 623104665
53 2444 887508230
1108 1373 604315458
2062 2976 667712944
2069 3069 754402440
837 947 916041498
955 2617 823421753
213 2909 830359789
125 3086 897103263
1525 2020 622616448
821 2395 710399226
2064 2430 466950136
176 1411 688751636
1141 2621 545097517
1320 3102 648211639
2136 2724 816787749
1102 3053 794519218
368 1327 706944813
1307 2487 831133675
780 1430 612448345
1253 1279 911685343
1039 1277 833669893
1587 2468 604179744
19 1225 810327122
1496 2987 699911690
814 1579 651175611
725 877 792687155
9 1569 699214364
337 2955 588960152
1902 2313 489949236
1627 2117 695094712
294 1976 773297527
2400 2940 658217647
1196 1293 727138177
1129 1353 782305737
197 2318 498298087
412 2639 463284963
344 2210 469275529
941 1260 649178547
1690 2246 844307999
477 2593 770274990
2562 2995 597252559
886 1584 455999431
1608 2308 747111975
2457 3070 785066171
153 1626 825800658
1161 2874 806105217
378 681 615520558
649 2725 719904692
614 2406 607269030
468 1550 861723757
58 3092 734441579
2714 2892 566918134
2173 2678 691791575
74 850 887457669
845 1610 695214238
898 1921 730258056
600 979 805492539
452 1651 567582417
108 1778 867712578
1504 2433 795684206
24 1087 732129553
1027 2166 757284021
58 2871 727678421
25 2622 571035046
780 994 699845778
111 136 670282498
1880 2617 492972599
516 3142 910766435
273 963 599279128
1475 1914 670215470
718 1098 632561372
134 2856 635134136
1554 2974 772294901
366 3119 683683738
1059 2180 889879805
2391 2429 535685533
143 2619 620037473
1307 2717 776442268
125 2889 550578346
1888 2697 763242584
110 1166 767711853
540 909 889126594
2195 2222 494863169
287 2832 874660761
733 1926 521249991
1078 1194 808421767
628 1230 644316059
903 1101 580250604
2911 3013 774394557
1305 1567 555376214
1713 3082 737930767
1082 2256 841501937
1041 3085 611332746
846 966 777913994
729 2607 592356830
1226 3001 576700485
1539 2435 636021378
293 3091 915485192
450 2485 607112742
197 1344 485229103
161 2619 581653890
109 1404 766346357
1324 1436 687082090
2695 2789 761361143
338 2003 827056132
223 2346 527887356
184 436 470374083
1254 2540 542876586
2 1829 768130121
1797 2761 733426954
1210 2008 466456103
2449 2948 650889620
480 1293 879442611
1654 1726 791158787
1856 2698 883648158
2207 2503 702544645
2187 2346 632346274
416 2036 713384745
2366 3116 628343394
2548 2692 621230202
109 123 641306798
646 2270 879743196
717 2813 494547306
621 1193 905553680
322 2468 611608612
866 2733 854519856
290 896 592586123
278 1076 806223057
1471 1973 586051375
749 2388 793824003
312 605 630076454
9 2269 570591319
1217 2693 611216164
1494 1563 579066659
704 1527 611984926
1788 2359 545090251
398 832 865716570
374 530 465785949
577 2211 634059881
960 2091 803414072
649 1605 634654504
1433 2380 834765647
1858 2959 524441473
293 3055 893842527
189 2990 514307677
723 967 460198199
324 2096 776917207
518 967 558131995
427 3044 635605507
2634 2890 818514868
521 1781 561231758
1481 2320 837993690
2131 3036 628894445
2142 2700 758013334
425 1275 868834999
803 2284 560888098
637 2024 712715609
398 653 643817734
534 2288 885380271
1543 1961 703624316
2036 3044 888634413
846 2371 817621058
1165 1374 501052759
2643 3026 723950889
197 770 527835741
869 2604 638836415
1244 1928 621215979
912 2209 785451900
1117 1827 828516593
245 553 664149113
1489 1838 744981286
1613 2135 492487357
865 2006 829286488
2296 2828 461510859
1779 2777 875397548
828 2637 676068956
867 1900 738935578
415 2573 673033544
920 2130 851031903
1682 2413 617019191
1782 2401 524584385
1021 1909 598899313
1106 1588 904154334
735 2678 755038107
2403 2689 582615116
1366 3049 801653022
1330 2075 861239179
967 2267 888680883
2221 2910 836695295
1334 1367 545433997
2319 2399 628922353
1693 2959 910185060
466 3128 603307126
662 1883 713472156
2111 2803 892141665
1116 1369 501182237
147 2572 778483877
1198 1629 750177979
1891 3072 455162987
1503 2678 683160882
824 2114 496849877
376 2993 726150927
91 1278 877834744
1527 2253 902132330
578 1709 789603782
289 2542 685221912
8 1955 567417627
580 899 865275832
301 2922 695064271
1527 2054 770144351
655 2856 494299967
1579 1698 469495220
88 2079 850186672
2493 2753 869326503
1447 2726 613520886
1004 2668 738548094
2446 2941 893550254
1893 2362 889643120
1476 3117 607736367
57 1285 678309556
1084 1416 805075924
1313 1601 867212171
1848 2153 525366536
712 1780 542516133
259 2374 876587415
242 2358 513779600
2073 2512 663684783
1785 1894 651413028
2699 2968 540465230
395 397 595344385
460 484 543508627
741 2000 843578352
361 650 868894632
944 1507 528180187
1342 1991 586419364
733 1334 684585542
142 471 470044290
1671 1805 773067327
646 2223 856796382
138 1582 695232648
455 2997 565125108
887 1104 501188936
2650 2830 911295452
1456 1767 493154156
1858 2138 678651975
179 2154 735068224
536 1321 857176469
1433 1677 596145642
459 2899 773034945
2533 3120 768661847
2607 3040 628468169
149 2568 512267246
329 1842 825893813
1789 2787 638416916
1289 2984 658820788
482 1965 526489484
2866 2871 523635262
2317 2722 726635469
2145 2969 504490686
1811 2722 881009148
1978 2698 600149510
594 936 502461174
788 2544 602571356
1355 1643 654480505
2222 2846 747128029
507 1059 884514765
215 2081 646429527
1122 1219 651214608
133 903 579755539
4 37 906025408
1796 2260 486524931
1106 1783 839408593
1901 1932 607080631
1200 1501 642278721
403 2150 582501302
1104 2289 869199270
1547 2309 827654422
1471 1585 504167515
2069 2194 468312144
506 3036 837491101
865 1814 758635588
398 2952 766991106
2154 2229 722064836
37 545 467233503
269 973 895882887
633 1497 620975747
888 2141 561664082
645 2265 494109570
1003 2377 904094793
1042 1626 893462108
487 2559 783540794
243 2054 473886055
1131 2000 867710180
529 1143 869911488
2250 2412 663345791
1409 2723 914747873
1544 2889 505265563
22 2525 556614838
1222 1445 616572679
1450 2468 561233024
858 2413 732643799
219 746 815957345
514 2038 541045153
461 1426 722613505
2126 2750 597186731
423 1045 872301573
1922 2920 603323675
1162 2927 768873740
2313 3087 604021236
2414 2622 475986162
489 1402 569040820
492 1177 885550462
550 640 487963370
2056 2246 525150168
1396 1509 609211418
450 2983 870947698
1352 1527 903380345
2044 2471 916312913
601 1889 809120194
1369 2457 800874950
1741 2989 884366863
819 2428 675915898
1500 1936 857655559
598 2853 496282362
259 748 492512125
518 1011 790956475
1420 3049 852835895
592 1041 660944852
2106 2914 736479165
612 1310 820792842
1234 1949 788306038
1233 2499 727581990
1413 2527 502300877
429 2570 760993237
2198 2720 840550735
139 2631 470324660
546 587 673555379
1562 2481 711277410
954 1327 478967440
774 1090 601369965
1099 1308 517933726
1807 2146 867048612
2782 2809 664967195
174 1035 454569576
1824 2821 564640915
1525 1755 861597271
1315 1891 798762951
57 1655 855482775
2071 2959 523963699
2914 3080 634538645
189 1471 796482538
1415 3120 807636641
1908 2419 745750573
756 788 622426226
1271 1891 533589482
713 2945 843603388
784 2767 905034786
30 1197 584956924
1062 3142 881233656
182 2907 546246500
1842 3130 457893432
1281 1421 487135105
1468 2455 621412257
1068 2864 716519670
48 1471 454821787
644 2268 850730056
854 1715 820599004
2325 2508 860590538
1047 1142 677636501
16 1186 556910383
292 330 585978259
2161 2191 888324052
2151 2949 602828023
1152 2784 888936677
1557 2523 554875192
1078 2517 529200081
794 1010 827733285
2533 2566 669365022
824 1219 899179218
1535 2123 873035652
1049 1929 729570399
23 1765 587983694
919 2677 874123147
104 1352 789440404
1460 2730 636318116
17 982 862657395
452 755 696422731
1551 1928 681793536
1107 1911 558255905
1429 1619 885729610
1243 2871 781226300
1673 1881 687893331
1198 1599 649825061
338 1490 498701085
96 121 656559262
46 1510 783403267
889 2744 488561542
359 1651 892710418
433 882 914339024
1566 2213 874559532
202 823 840808672
916 1541 500767216
9 1004 643607858
1357 2863 862190313
853 2228 817696185
1312 2581 689040377
1149 2653 578872028
68 1081 864889792
1997 2757 471753143
1302 2670 555129991
716 812 646311596
1463 2425 531701281
487 1174 826709088
878 2335 495107224
805 2620 767360990
218 343 748945790
487 949 843267939
1529 2783 636809565
2524 2907 850678557
1205 2707 839518123
1564 2678 687593528
641 2404 521449270
1 1872 553301972
913 1930 776274147
1187 3050 566199724
532 645 731524347
1987 2524 881518724
1004 2105 553173474
316 1574 681587921
7 2521 720338567
308 470 910963867
2448 2512 703501501
952 2073 825731937
2461 2892 879660678
217 1241 808455969
852 1090 631884921
1316 1462 773730874
940 2292 594377457
1814 2934 670754617
991 3137 515730585
474 784 657101011
2326 3025 773132375
829 1477 752877988
2242 2342 688515632
1117 1574 575785645
291 393 727762713
1457 2295 739060271
1459 1753 859444840
1375 2005 773401906
12 165 545523305
283 1882 677800199
1016 2530 856584751
151 169 488204086
2410 3118 663067074
1002 1484 468499912
132 1048 498756393
39 1492 608278113
60 787 576006406
169 600 715730670
239 1055 492705977
102 3092 878213166
1431 2188 756865273
818 2483 723340663
1254 2679 797825628
629 1862 638144063
489 1715 613847726
1937 2798 892789323
1810 2874 782968543
537 659 616704193
1807 2109 908986810
1315 1442 807235246
748 2074 700076819
1589 2560 771613810
86 1835 533697654
2883 3114 605024769
770 2456 713301105
1715 2751 902748293
2592 2717 810870294
1379 2900 579853426
417 1740 640168525
290 329 536072741
1519 2933 703554472
1527 2543 514085951
2040 3059 620139230
1348 2053 616838753
2125 2478 828107730
1764 2406 466858621
1669 2471 765796410
549 1422 747416631
290 1427 677578946
48 535 821455319
2353 2372 830188955
1538 2321 521528628
371 2598 699208031
995 2856 852302825
488 1114 876417162
1089 1568 504846545
591 2249 910265122
1929 2136 581638443
310 804 457204383
549 1916 467023175
314 684 896314677
567 1167 723767954
1544 2634 679986014
505 2157 605098977
180 964 594485495
2246 2401 753125125
758 1232 508260726
3012 3018 807044412
878 3037 607093642
1794 2478 852372291
48 2281 616299901
369 1857 876729201
736 1347 635097282
1760 2162 575582162
38 1104 660630571
382 1970 854748494
1463 2472 793070885
2214 2562 628231747
1477 1796 460014140
1139 2536 736579587
329 653 531484641
1341 1718 479125926
1393 1787 794858424
2794 2878 884228590
1456 2564 752172342
268 2228 526221947
100 1288 785049430
1679 2440 910535331
1020 2251 729593779
580 1685 671305883
1405 1829 726028524
358 1474 667077105
1792 2262 841584842
309 2601 747771118
690 1440 478981346
1195 1670 807030668
911 1556 604025028
2047 3039 535937671
896 2872 903192510
1471 1793 827928218
187 442 624181397
1600 3088 509595108
790 2447 711619110
757 1737 683952862
2117 2137 639746614
915 2249 853767853
2119 2913 902425284
1348 2199 722030256
1493 1503 664550576
447 1178 468911606
400 2036 795517613
2085 2601 798508307
1045 2064 659807563
1531 1546 600031955
87 2985 487636042
171 2538 574391607
158 598 679353953
1685 3126 550643349
1171 1926 875950449
455 1337 611303921
595 2397 797033015
280 2395 737847953
1232 2307 738150422
453 2505 857662353
1633 2187 687858689
2813 2969 589861185
1221 1935 877931280
1672 2230 751558739
1138 3127 912164816
804 1212 546557136
1027 2621 556962327
447 2573 509482864
1094 2532 593327359
380 2748 564218622
1153 1813 527983950
289 2831 812436136
1334 2133 604145703
956 1976 616949259
2144 3017 722833333
153 535 618769972
2168 2346 567778450
79 1309 707843473
179 1549 667647478
1566 2073 736496846
1272 2070 831009725
1089 1576 916006608
2673 2685 893567801
460 756 605680828
698 2053 663117417
250 2338 703217210
1444 1612 577664924
1608 1694 740512240
1089 2811 564026437
2066 2896 862091519
1618 2132 770005313
217 2165 638402554
925 2077 612055141
598 1008 469163931
1351 2699 546960010
2910 3041 593548014
1049 1548 730045299
471 2425 669491418
79 892 846791185
124 299 721762682
1595 1935 583724106
1737 2394 733017257
394 2346 675489964
189 1031 551604991
1522 1955 617084601
31 3030 706162637
485 2965 614193759
720 1948 517205602
371 1403 670195780
999 3050 791462999
1119 3095 728970580
957 2749 694389289
2408 2449 894448437
1127 1961 815353743
77 2764 736554559
1872 2611 541653049
2504 3007 889672757
584 998 610446230
313 591 883866481
959 1806 743003912
736 2206 578629503
1165 1619 851973258
638 2645 732995684
1315 1319 570591924
20 587 803989873
355 2022 671564112
1482 2694 782955521
378 2600 736413472
1830 2295 827209785
2282 3131 703673654
1519 1797 884852356
1398 1419 490629813
1342 2705 820969868
232 2361 601161632
419 2254 544515701
1875 2473 565413849
1205 1904 591125915
877 889 593549544
1451 2925 523495331
969 2276 663194159
870 2431 727491380
1554 2996 466570972
202 673 732264872
484 1465 849604786
1162 2205 843381096
1823 3141 841922348
2567 2651 653958840
64 2418 674090233
276 617 645059764
1348 1427 567563359
1082 3134 522032635
914 1453 757019187
248 1965 560023641
219 1145 705940468
300 2182 632070481
467 1955 590408911
1158 1865 477868449
474 3140 695096007
437 1412 562605182
2357 3050 647148716
447 2996 876911829
927 2569 663648168
1007 2888 454729586
1814 2881 754136169
1319 2578 586411125
1317 1783 884789625
1557 2055 661586503
995 2336 773279062
233 2589 901225039
1572 1574 754615773
1224 2579 856446046
1326 2225 777793540
581 2260 766623054
1469 1559 536399505
2458 2759 617184123
229 2528 664057610
317 2063 786744384
249 553 761937732
279 2040 569972048
765 1376 595897308
352 2506 518842775
1180 2077 745463535
2149 2611 499871644
642 2221 496762042
682 1254 524787362
757 2765 463636812
545 3015 660870478
22 236 493714994
1016 2192 498793924
1147 1919 767327577
1856 3079 507312385
573 970 675070473
54 213 619872378
34 2586 570493765
1111 3104 790920778
1280 2415 613937413
1834 2313 577601459
700 1481 600160175
1067 1678 458369819
411 837 663550085
1548 2344 847000430
201 2262 567957364
200 1338 634082025
453 2402 872115743
1160 2341 899207819
237 2276 872984735
137 1829 736105847
2278 2409 571070861
220 1336 798687664
748 2176 673658964
1844 2512 901233682
106 1909 794750479
387 2072 483361528
1436 1666 765423988
571 621 789930033
870 2436 549809476
28 343 632728929
144 1713 669225311
323 2833 625987383
1225 1315 744500029
11 888 514174053
1342 2057 620239004
484 1295 763139876
83 1643 726439903
2409 2611 841058127
548 1485 898264356
559 1990 798440195
1282 1728 537664827
635 2903 490531860
2087 2938 469045714
1249 1834 817607388
1688 3029 871988749
969 1995 766991088
1481 2300 867640764
752 2538 612513450
1162 2509 457666641
146 1461 633446740
155 2300 598042998
282 770 550800897
671 2493 491576457
165 1467 752411751
1707 2315 656539185
834 1611 883304987
435 664 577158295
857 1555 653106189
1741 2566 748395136
1313 2390 638045565
1195 2892 755149771
2194 2973 786082244
1336 1879 686694940
609 2373 792779494
2079 2185 856235490
1472 1640 916944556
1138 1301 818207923
2077 2879 626777586
35 985 548253003
2399 2757 890100791
1732 1959 518960018
1479 3100 567096480
1095 2121 891425275
2069 2644 825822538
2736 3026 705930473
549 2418 481736883
1188 1519 593277211
369 922 513673037
245 2852 844817611
889 2740 793723546
2119 3102 835115945
421 1462 494986345
1658 1745 796535985
1722 2628 711643725
2673 2809 799217558
857 1542 830906272
323 1473 811782753
2549 2989 543149159
774 1497 728338938
139 2667 672671937
1229 2596 800286028
930 3042 679268589
111 3094 915712240
911 1075 461596421
993 2035 479928071
1940 2659 690000339
942 1714 906041170
97 563 762095464
1448 2057 768942181
964 1516 785364929
274 3108 908871456
708 3039 641474791
2343 2533 898201123
1345 1932 810100816
689 2154 723297968
125 311 822684989
2030 3090 598002478
2699 3035 591231998
351 946 563246377
1954 2118 662434602
2155 2258 699023180
473 2001 833804086
219 1678 668908562
1622 2252 709943597
258 1414 759180095
154 445 596302102
1071 2967 641430369
507 1306 882011667
820 1753 620525978
613 1201 901932974
1287 1340 483209014
2163 2198 796653690
65 768 827989198
275 649 652676827
2504 2731 739752525
326 2282 796157535
1012 1074 825149590
2416 2761 671392527
642 2617 650908894
501 2235 658501777
2211 2684 679270769
202 3033 517107605
424 1643 643740754
2130 2776 500603182
342 679 560371214
1649 1771 566524152
138 3123 472471891
840 2190 845844458
1004 1942 838998459
1280 2635 696273654
907 2404 887697582
335 569 535106233
1020 1669 779055456
433 2834 843133937
2882 2980 692581412
1945 2255 877794816
67 1900 581130676
1062 1604 662688650
748 3014 560830634
1631 1960 743203960
1197 1263 561799603
259 1005 741433758
1181 2446 716803628
494 1527 664780256
197 256 563492527
856 2064 884488261
1107 2809 558345744
1187 2396 480184978
795 2515 818624199
2170 2557 729839308
1266 1338 675909800
1958 3137 458350912
1252 2585 853857287
53 1763 853935255
51 2886 693320091
634 690 610758033
379 1962 495847876
2065 2524 751833486
192 2171 556947463
1962 2186 483129158
444 1594 596397895
241 958 705047231
2287 2451 788753196
1040 2025 647779095
371 483 542126617
306 1237 502612850
69 1777 708723850
1338 1407 629118684
1076 1675 584372024
196 2886 706295310
706 2203 536873445
1065 1547 889753606
2051 2841 845546110
41 1382 802476922
2139 2227 700873282
384 830 635146648
717 1645 861818417
1112 1956 482066111
372 1030 582906014
515 2649 905702690
1109 2726 499746606
2570 2741 589070912
350 1338 636202204
1946 2058 824000404
1010 1471 487365190
2312 2577 841501319
683 2410 670782502
1557 2507 569956036
210 1932 557220746
238 981 467455712
283 2462 699784173
2192 2547 873736744
2426 2783 763747881
928 1004 718420200
1058 2709 897497991
1483 1499 578233027
866 2395 567509388
156 2259 907471051
322 598 660070915
1833 2453 819897919
967 1895 487626865
1756 2909 847113484
916 2347 731716378
2668 2708 466594308
346 474 605062152
775 1049 649057610
2678 3081 722672340
1463 1584 616188718
423 2848 825666490
27 1892 802188374
963 1319 788351389
85 1421 828617616
144 2015 628718135
603 1607 543460498
407 1302 866958266
459 2120 506784067
2438 2526 703686982
279 322 490373221
1720 2298 663679797
1773 2680 907434628
1113 1139 538857851
517 965 704933691
1108 1312 828057954
756 2783 663111358
1504 2481 680833702
760 1288 528503691
2147 3128 618081482
1211 2154 550623568
3059 3070 882115761
1095 2412 836885625
329 998 782874828
199 1090 488043820
1530 3081 597215855
1858 1927 768567022
596 2511 695921407
1855 2543 501253597
152 542 568783108
1512 2771 785656924
939 2965 646292653
1451 2014 710110351
16 862 810752353
1925 2476 902002375
929 2602 696544446
14 2473 529938400
981 2683 516400692
1196 2159 834622566
1584 2947 837544991
1338 2996 538133078
1088 1654 814954902
1184 3103 466669669
448 577 745914860
478 2291 641966365
887 2046 853369013
1874 2460 743446643
163 1154 479719945
124 430 753382368
1572 2100 594875547
419 1299 891794062
520 1615 858638561
1910 2871 661224427
702 2972 820318669
1090 3067 478959874
763 1133 576483484
957 1979 779699947
938 2799 748654297
1672 3062 757036089
1526 2218 891190404
203 1387 533030169
1051 2627 643864175
2535 3073 590653687
165 2563 852276967
1510 2231 844385274
1061 2309 486004805
621 3010 753207782
792 2821 514309924
1669 2520 548493250
489 2843 488797588
182 360 522677060
1351 2796 818934577
898 1482 697518750
304 3023 913408307
1451 1586 889285518
12 1647 709285026
1735 3023 546301241
1480 1635 785425758
85 2601 734073793
1568 1762 753059794
1539 3075 535818603
440 1091 732603582
1613 2137 855026909
1053 1214 617998621
1548 2363 833043874
1778 2172 847410190
1503 1702 630653135
217 2516 613102880
1598 3026 711333716
663 2466 728560540
296 2472 741143183
1445 2654 624475167
1164 2881 916874161
1896 2577 654049129
116 2481 636137727
26 2142 545726747
414 2666 766243421
1162 2981 614959769
2069 2942 740514168
1772 2577 460865746
963 2217 585097689
2970 3056 793779628
1357 3064 764444285
134 825 719143647
348 2937 787466304
1034 2440 610893878
1146 2738 763828419
478 1597 780000186
1953 2511 906604883
384 2799 671940504
244 1716 718586432
1236 2384 821963109
2909 2953 835681802
391 1719 740070958
30 691 780393791
267 2128 676585868
1199 1573 708787517
345 1242 824271111
2117 2349 703780727
542 887 511417874
1835 2591 748925142
833 2385 597816537
931 2021 464660977
1049 3048 791493178
5 1659 615814085
815 2953 704071967
1078 1203 805783643
891 2802 504361546
1126 2347 558002519
1261 2708 888107321
1025 2729 796769373
476 2780 689833506
835 2659 558195898
260 2972 879864131
472 1152 830582323
2071 3124 522569237
548 1825 702084427
1758 1977 621534380
139 2726 906345415
2057 3103 608991228
1128 1776 679373780
229 534 846867888
444 970 907055974
883 1857 846090136
48 2157 464022519
1407 2452 801435352
2002 2616 652102310
1129 1630 629321917
946 2174 721735379
424 2491 614328365
510 554 651774273
108 1995 470074264
1470 2367 610635168
1380 1926 771871930
131 945 809211797
1118 2029 905770511
557 790 682049531
1813 2034 816308669
265 2373 725206593
1482 1578 513337359
1233 2264 899944403
2045 2797 592450369
331 2276 731589396
160 2730 729612049
425 2496 619445566
541 769 729721761
2299 2387 738023587
984 2108 493167428
2012 2581 566170605
443 966 674030835
1096 1608 626788259
663 766 594831420
292 774 821600447
786 1978 588909842
463 1566 612878906
1010 1754 702833585
1398 2682 462126092
2068 2438 595986893
996 1618 829110386
191 2317 636782461
529 2819 515857857
465 1117 520723494
1845 2719 750155021
614 624 850484670
2437 2673 481395929
2299 2819 526395167
1224 2700 605775092
22 2886 896810374
1435 2441 666606101
1081 1523 672780120
867 2215 907429212
2762 2829 854719268
392 1129 542306152
1951 3141 798514567
407 729 497861854
1133 2106 795317388
48 748 678589911
527 1146 692761564
1296 1676 848746592
745 2532 864760967
753 2623 806022646
732 2437 755074803
60 2372 836261413
955 1505 708454554
2194 2356 513596707
921 2248 673621809
611 2673 559013977
1018 1629 677901559
2393 2534 906375311
555 1917 644696065
450 801 760682404
612 2929 764285664
1999 2190 835418644
2308 2889 522350559
1886 2745 873765787
1870 2615 512010836
202 424 806648186
1204 2836 742744181
80 588 705706885
1820 2446 513787990
609 2671 722719102
675 2784 523248872
78 1388 900524505
500 1929 539950805
281 2746 523115836
1401 2482 743901658
52 2613 817702526
1205 1207 567263961
47 2134 702218359
1129 1428 501892458
46 688 641525174
1623 2377 482747545
1727 3078 475045641
1784 2327 568465262
696 2236 517083843
429 2960 456259811
1565 1820 887120591
1007 2461 856977855
1240 2013 892476065
101 870 671519142
164 2538 517451919
591 690 804707090
308 1068 796969557
2203 3069 558482821
457 1563 522528376
1454 2240 719494795
763 891 585088888
712 1242 711024060
662 1971 498014315
1270 2617 614021552
1063 1225 810040531
2039 3085 690786307
1561 2591 758328528
10 131 667864337
1022 1555 898825919
1274 2113 492564354
232 2949 737237845
146 2565 533872848
1560 2155 709547587
2108 2785 634818832
455 613 467100019
1322 2368 857271707
1681 2820 548951533
1303 3081 774706353
1083 1663 539377612
717 781 610270115
709 1785 565146238
1024 2277 457213397
116 1259 815351837
1606 3082 671571027
1120 1427 769548953
548 2871 544668031
2440 2481 616711414
1759 3112 905658414
352 2810 856023527
22 103 892747690
2027 2645 758795757
515 1360 703676821
1905 2511 904120156
851 2801 736050148
783 1169 766679458
1092 2051 896103298
1606 1770 519142919
2228 2895 894265776
1362 1941 471939076
496 2101 839185913
865 3045 457090487
175 2968 552355897
204 1752 598290277
453 2988 652782790
257 2660 584375570
193 2483 811482526
626 775 809813055
398 422 721706336
1169 2870 490010060
477 2636 566514478
245 1949 493712484
926 2942 703153705
2629 3097 574994214
751 2541 722847625
480 2028 501126591
290 1215 457458223
566 989 601619441
124 2699 765157927
220 1443 767669365
317 2329 772705459
1109 2972 597172419
2574 3079 651137252
1643 1719 831913623
1527 1552 781408555
859 2072 914665701
2016 2448 595596314
480 523 607902399
598 1975 910323959
1265 1553 821716485
466 974 646452837
1078 3081 808648772
1548 3094 843645246
1513 2101 763222763
1804 3110 723174202
811 1798 704483165
553 2621 553844872
431 1982 543608971
694 695 535636533
1106 3125 609194826
1852 2737 864560411
436 2293 707266214
1068 1517 630717080
1274 1938 502782933
1891 2617 742946380
1364 1474 729832102
99 417 747519851
338 1657 542905139
285 1385 723856402
1420 2348 728734824
1014 1242 781396239
301 399 498215108
1220 1729 527652248
1124 2036 506611609
1297 2656 769840838
928 2482 857813305
1687 1907 755138630
711 869 678840222
580 1165 565466469
117 2274 679240404
59 2680 491628639
1358 1989 908475457
313 2951 634780270
598 2825 540111332
1134 2358 591764301
2439 2847 583522541
1001 2958 645082805
451 2434 469278517
510 2377 666761933
488 1940 769772749
35 2463 744920321
915 2124 803623743
912 1128 907024883
8 855 855353429
964 1939 903885773
838 2271 857966752
1885 2936 454860307
1931 2992 894311041
316 1867 651914503
1321 2647 893910309
1005 1636 806732921
1119 2512 663097016
1029 1752 599037668
1476 2173 720878791
1572 2178 680728352
1201 2018 773466135
93 1256 796802846
370 743 465511426
1110 1460 605922071
968 2524 819826985
371 1858 595515683
2950 3094 862000824
2412 2936 729337560
410 695 679201767
1090 2237 566979824
295 840 484200899
111 826 622733756
148 3036 707158795
1437 3096 693882893
412 862 742892417
328 2203 830460703
397 1084 696472887
1040 2501 551292064
516 2276 731275173
126 2154 743570923
1490 2063 766199467
1815 1898 477190538
493 3090 551791011
558 1990 899756185
76 1265 651662778
1543 1761 523269561
1052 1783 801910217
458 2093 491324465
1994 2885 647798148
714 1766 700508802
2366 2440 693977646
72 1662 714115498
1915 3138 662204118
762 1079 894328231
658 743 808725336
450 2516 705442827
134 384 494751540
2583 2789 562615160
467 2597 859353469
1273 2511 459246334
1770 2465 746638148
40 509 727955474
1742 1802 497580910
222 1221 869491061
915 1814 750572734
2045 2946 647578554
262 517 590052129
668 2309 810493409
2045 2277 818761366
2618 2969 675839190
2522 3121 528565726
1209 1932 549360022
836 1707 603959325
810 2116 459096717
1294 1917 724862675
548 2928 894655190
2111 3001 830032655
659 1746 798423473
365 2652 744166565
247 910 508517898
1316 2812 575102482
186 2571 847343232
582 2694 482454404
459 2137 866542981
722 1253 583993803
617 2006 721564007
89 1442 531391677
2204 2598 697538446
413 1744 481859530
1574 2625 871544480
1001 2333 499685224
632 1053 915174510
2844 3137 671624888
14 1037 750052865
2004 2810 664772054
75 1005 708089446
1374 2268 558055996
1944 2606 644569146
961 1175 495150437
106 2873 814401500
818 1537 667617331
1341 1962 629756499
1831 3014 727383320
891 2730 777585575
82 1054 562170009
1089 2710 776301553
734 1971 570802466
1239 2266 903761104
2695 2710 657125898
234 334 801069256
2500 2529 883609647
1439 2535 728616712
1265 2022 832366700
692 1409 644041565
1801 2311 786046906
114 1315 879480205
1328 2226 806330306
1934 1974 850075049
1859 3102 814541707
867 2427 811364012
1497 2127 483149217
168 1068 718712882
451 847 641178745
876 1594 895492954
454 2264 493433692
1255 2692 791226174
1208 2558 876324099
1558 1589 775801694
978 2144 887320765
440 628 659085279
1695 3101 815500091
2123 2389 869104656
240 1341 701273464
888 1419 472676191
852 2962 647810929
1681 3081 469976308
288 1594 667649498
1010 1745 878588875
1996 2432 612179881
923 1329 548575913
318 2461 808390596
1247 2268 638425499
460 623 620857063
450 2228 890426546
234 2978 660324230
511 2231 538686030
2216 2226 670669602
991 2528 543093310
737 1992 483434923
882 1339 874321222
715 1477 494879745
672 1281 808481543
763 2309 645038572
602 1807 875443989
712 1183 529438425
804 2312 467331421
1004 2696 706315789
799 1945 698408448
2325 2871 504256076
1032 1079 513960302
168 2350 751190712
558 2187 849103064
1963 2203 677044129
1576 1700 504448427
936 2787 458605083
1310 1842 604041614
599 1471 557152287
1362 2499 625982469
370 710 805227883
1607 2721 620122642
441 1954 470503081
2327 2867 884988132
141 1687 499559459
693 2218 642125555
1309 2772 850995396
1617 2912 730491534
1423 3033 455092573
1242 1660 907353558
147 1697 889704158
890 2146 496427678
1052 2827 727434642
406 2348 854426223
2630 2668 754320448
1348 2255 551812018
353 2491 456033090
1664 1728 585409843
958 1281 710482365
169 2295 841312416
811 3102 751849311
1200 2731 837301954
2127 2348 812535616
1205 2123 753713983
936 2183 478106144
857 1750 524439753
226 1477 547644333
290 2072 468119532
2123 3071 529150391
859 2297 705331493
872 2123 805459250
1840 2038 702729901
1357 1685 803587073
593 1246 888577248
403 935 746594358
2512 2680 600359538
647 1679 751568019
1593 1975 866408139
560 941 536661314
264 3039 495357370
3081 3120 788124751
2484 2610 763217803
63 744 489966910
1448 2464 751202300
2129 3141 729683558
619 1976 763188928
2265 2432 630497597
1675 2821 646306131
859 1130 712155099
874 1590 464152505
229 2123 641782348
1106 3135 848742085
1786 1791 621067348
913 2274 798558682
2592 3058 725814478
434 1971 720939370
553 1842 794869457
1181 2011 886761277
1329 1923 553474936
1153 1285 468416730
335 900 793114457
546 642 915923006
1357 2367 504597621
1527 2230 612556866
1573 3094 622709708
756 2239 455991178
1777 2097 487675739
40 2668 643573351
385 2065 544246878
844 1365 578660423
1471 2680 691974238
2047 2226 670944683
411 1341 872179042
53 1402 856522046
71 932 538056725
880 1585 792393819
468 2876 782627621
2077 2220 730144448
329 2495 562019358
2228 2411 704776851
1378 1927 879161878
508 1492 802563819
659 3093 863802979
831 2725 908013644
405 986 833323031
924 1796 689589979
1863 2925 855912036
347 2167 648085578
43 1023 534025733
463 2742 702283925
2657 3068 850219350
1173 1794 835727978
948 1734 650120336
433 2493 915341301
259 2531 871536804
609 1902 557424905
383 1865 832854189
1450 1484 892402650
1738 2684 514879929
2445 2891 815571306
515 1860 725170175
2909 2972 680429171
2521 2981 836850821
708 2790 657243054
1464 1790 704010678
777 2965 772091763
791 1760 559114407
1388 2164 851011901
1528 2928 842455516
544 1800 894729678
1138 2638 670266693
352 1255 674415728
1688 2339 571569159
426 2341 562665234
1069 2804 787325882
1261 2745 799706581
718 2710 540802350
84 891 566051773
2946 2959 896278604
1066 2749 723404245
140 2500 870744588
1575 1652 752756689
214 2911 456049051
129 1296 693593727
700 738 649576858
1112 1281 466522010
739 793 798932803
452 3036 587291800
177 764 903272843
1496 3025 821454051
2274 3141 516991587
2454 2612 713555850
230 2781 546614814
298 3021 741614996
933 3057 830688233
483 2198 775475746
280 2089 511782488
323 1899 479248506
882 977 524994502
1541 3066 571430929
1418 1882 654203842
554 2541 574691211
150 1478 742238235
259 1306 577039436
1722 2838 556204685
223 2662 896793457
2257 2911 545987319
377 2627 806129783
2017 2072 477229662
822 2626 504503261
247 3132 658479033
800 3079 677654627
960 2681 534525351
520 887 662565822
1658 2937 907348425
980 2203 564811453
1632 2217 860369490
1372 2973 892229644
1079 1119 522873221
943 2870 567978270
2230 2518 877133155
322 1081 781989057
1287 1471 671745694
287 2081 744228082
315 2778 806539444
2695 3091 465106253
1664 2102 615611928
2282 3121 721938892
2595 2734 854301286
133 1973 649321906
2191 2322 506311945
1333 1769 912237921
1139 2007 637799478
