761
431 744 264173495
53 64 640109353
522 584 587759913
63 736 362729892
313 741 725588943
72 184 426082748
253 631 317446196
559 743 360237921
240 570 263152095
458 470 712320741
48 582 284125902
311 504 255365405
71 597 500540981
652 717 692514523
401 520 730996133
22 104 422801019
3 427 680232186
466 510 623312560
21 581 629926959
303 409 416942667
223 319 716689415
110 240 366955241
590 594 288274829
4 250 719720415
83 281 322371961
645 669 683574415
111 496 274909996
200 308 729116291
220 590 357777280
467 737 566922010
55 549 414452593
326 706 288801261
268 669 526363151
263 409 457393510
100 171 352998298
159 680 705659236
75 716 423519984
114 450 621903709
513 557 432387397
122 365 525552491
119 258 352918021
111 371 371281062
15 547 336091143
296 488 422360982
68 196 616620557
220 283 387412909
19 750 493341151
53 742 567377146
72 575 312831704
280 740 463406309
614 746 653969170
225 366 495268033
121 621 708701449
1 567 337767282
575 605 685581895
584 663 462822041
685 724 428757669
484 531 432596827
33 448 577359718
72 492 691732381
39 519 401726086
180 364 267378644
88 676 654224982
342 615 580082177
196 370 263121524
93 527 532280164
305 638 494126467
133 715 290207768
251 616 642041618
50 578 718733418
437 440 699095706
64 87 391513024
553 730 253426227
71 747 623037673
256 706 624236243
310 571 601212818
57 202 317832152
311 583 589832113
492 548 616585635
104 717 688212320
355 547 241787535
72 75 660910658
258 545 242512207
592 737 480029890
178 606 725082371
85 564 317657427
161 698 377363612
199 582 674779846
400 412 553344786
7 82 561494243
71 630 723535798
26 142 279550518
279 734 597379324
502 650 398800707
277 699 453298171
141 459 490034944
385 498 248107205
252 319 474305179
211 532 408605761
580 588 259915266
47 411 668130960
490 519 675837712
359 719 728782550
101 350 292566299
557 728 285869332
373 540 575323865
340 655 424523568
86 118 442401570
78 487 672468181
28 30 356942207
43 258 271905144
7 120 683251733
106 737 551083062
197 313 409636725
103 574 557884864
367 429 354277076
644 753 611148680
243 319 498877064
408 589 457704483
148 645 435809234
138 752 263079836
30 684 378230489
467 584 560226152
658 728 475098686
13 702 652158794
249 585 444018382
499 510 247586969
416 532 326551045
403 476 707857098
74 381 594425604
30 366 624489078
501 606 719984932
452 743 269715141
2 389 327151829
604 643 483884292
377 531 626080753
70 462 707059782
16 484 371706115
92 528 334306643
445 520 426995351
512 704 616785990
505 741 469754247
18 57 665300982
531 695 472886690
302 661 612430378
183 511 431598455
382 740 718803049
288 631 579605402
92 651 475783730
327 541 611417766
262 701 462574125
65 751 563835716
11 278 694132198
567 713 398283383
488 668 516493893
406 736 474260574
329 485 318681275
140 426 649411730
640 679 250193996
70 166 247926676
308 691 522434281
64 506 703943126
657 667 720806472
508 725 675505095
81 152 309302579
144 666 486242574
76 728 561916565
449 450 272720255
528 634 671384150
101 427 517753662
469 572 280456372
462 494 663640136
189 315 679909297
236 426 320632640
30 733 404461428
482 545 688409225
440 501 630596951
169 509 595959026
173 312 376849990
37 478 296475854
291 740 730189354
95 552 353869586
35 141 601449037
222 234 536212994
13 30 591990538
123 682 299978551
194 510 724234775
171 304 596648979
305 565 487621093
383 557 476081948
6 536 460488252
248 337 301474416
555 644 630536990
19 233 378728098
25 733 237774806
563 621 668415086
20 720 429785829
627 673 536370764
429 720 405015758
352 417 693727469
89 146 350194101
5 483 592035046
80 731 376000201
175 647 352135875
127 362 530373711
267 568 691040282
38 75 686404023
282 705 635304285
309 742 644465686
105 341 705837762
424 503 547177791
109 684 661366796
618 710 459767434
172 418 377573608
235 619 358625962
518 562 307188451
72 111 459532023
398 740 336825125
178 425 694886610
373 436 265235852
63 516 273898416
422 617 236288350
472 669 732442046
244 409 271613062
67 254 514888488
310 541 542406159
667 752 558753479
432 725 501509465
79 246 240108528
125 519 556028946
371 405 655658913
277 686 278551358
191 688 696958057
436 510 420226088
623 700 570949590
258 483 235627957
63 498 294973171
501 523 452653284
362 447 301896535
426 543 417133988
325 423 341143614
60 193 638030023
305 386 664742111
631 645 438629517
29 624 621406930
68 486 379505870
58 384 439232348
61 544 314379465
68 732 600712153
40 214 627359243
231 709 657647039
167 618 517004713
36 210 538820339
10 708 300012267
42 321 264978895
45 534 246836259
242 470 384480116
534 566 547218317
432 438 594011584
277 710 683137453
48 758 369399880
252 270 314235394
573 716 304192043
264 277 249739515
501 535 257696244
689 710 537092080
717 735 399829409
145 303 237286567
108 322 463851995
335 485 647465744
155 545 253159693
481 500 440843668
391 621 349126804
364 749 263196544
161 725 268624367
85 165 303001000
98 133 532843111
140 360 525401456
579 714 315813666
16 108 665236128
179 193 423943247
545 725 429005845
61 128 575650989
115 379 653506014
91 731 630659952
322 524 319800490
385 388 278705979
38 544 707974215
103 360 382670570
227 479 660986566
331 518 477658178
154 159 719353601
64 107 286847930
99 534 234833333
336 525 232814264
437 748 685974274
277 748 359322443
183 392 456645166
237 311 673891478
224 533 268340456
295 677 702641205
515 719 532277823
456 486 671423879
110 536 316739771
122 163 362838513
537 598 320109870
306 361 243238161
10 467 279964876
236 722 565317008
24 424 629581884
30 49 372019386
207 720 411695474
7 110 556056585
92 534 619140385
121 190 436146300
32 161 621238826
364 497 293842266
102 337 601055535
245 596 372754913
73 192 241422958
222 329 465355224
231 417 642171443
361 576 333669577
156 413 636718053
186 259 246291310
47 520 359316513
398 502 349046821
156 507 674384005
510 550 454527831
228 505 356524728
437 529 413631964
277 701 387069914
68 287 606680635
340 688 644627088
333 683 459469289
253 380 402905342
16 427 661464439
162 208 639283786
253 437 696069164
41 691 395460331
463 523 651462315
203 488 486851656
34 195 655867080
20 343 260157477
261 283 447805428
275 377 565602773
88 417 728863054
31 479 381116109
294 395 262275660
631 673 520293408
116 470 704851598
314 402 606450692
311 560 284321677
118 750 638905596
260 603 632700880
157 570 479694143
150 375 640737500
164 637 494643346
452 558 602703504
85 688 571966291
146 325 571760782
451 691 245243692
493 726 609537334
200 419 725730857
338 374 484010112
103 646 713378757
297 568 297199708
467 591 714828811
320 713 470128277
227 335 533161561
183 312 542517792
13 44 280127590
364 623 532936970
277 745 523112372
243 443 355451944
402 409 441779191
363 583 365732461
118 668 362770571
135 685 558590263
99 557 603420496
93 403 669452077
446 713 627336094
39 481 550355020
675 732 700074617
132 623 403216039
193 620 548119384
156 727 254946171
403 534 327426872
188 738 287747784
40 303 643143293
187 310 561511310
145 284 363827312
368 509 477613625
206 677 418586231
461 575 330299114
273 532 619504146
17 327 300444712
581 684 323736659
376 558 534667361
154 584 571384707
45 411 382942714
674 703 459216389
340 730 699662872
127 153 359263701
278 533 404279976
129 371 444604454
280 692 283727206
119 638 283277841
220 371 566770476
254 546 353065530
302 381 383819435
353 517 559398259
51 469 331799850
281 655 477917050
241 362 471907801
139 462 312710785
474 591 679663979
554 585 640384549
550 628 408439958
120 317 578985018
38 276 675493304
266 433 685107102
370 453 506451823
171 427 716705658
59 371 261930178
387 585 512687617
45 641 700861370
588 752 637827852
46 375 279920469
273 457 496057445
430 595 688365977
69 647 494446156
187 210 455905114
26 717 522543629
621 635 629599676
84 140 622415370
196 293 589664210
278 339 476034648
110 375 350384579
299 495 551541936
198 357 581871069
209 279 473553748
224 229 425413988
621 711 655376887
219 446 678329627
183 614 267466485
158 216 521780320
398 562 302833381
74 703 366611601
207 358 569347914
221 612 294858338
210 648 669140548
145 289 522839368
369 453 523533596
470 630 491817953
204 210 333398503
182 339 358894060
545 639 433812088
482 623 580354042
181 380 500336138
581 626 411866048
156 435 674680262
325 384 596122472
28 344 441137495
205 681 322846560
14 126 294353352
54 712 449105604
271 410 617131871
357 600 570602632
16 677 668938925
596 717 492979044
390 420 606873634
5 185 490976700
26 265 415410463
180 248 667126502
113 571 627560722
111 522 404400139
195 514 678897729
222 578 240784002
130 466 345862759
68 341 613000087
422 677 320062575
41 610 716190783
74 731 630827769
523 586 428942937
45 418 646969867
342 750 663844954
64 471 485257081
167 659 412944167
8 281 679374271
329 721 471285179
526 751 371242686
1 491 277840168
149 496 712618300
389 497 412276468
347 549 426266958
459 719 454531634
7 255 413852196
384 611 491206340
9 130 728677049
126 501 432276817
433 444 505590864
99 501 696277782
313 724 351265726
475 601 415631300
52 168 262838889
441 465 474035056
340 607 612364743
159 712 261981226
71 542 721598904
459 530 426098679
16 542 553020267
108 215 433423140
28 166 425886161
158 690 485036996
484 744 728759253
39 361 388362501
313 522 270386325
625 672 612728941
657 672 540426142
522 542 702902254
428 728 550834357
112 755 717756449
105 257 399423621
442 486 695298687
94 496 233709048
577 640 581910325
687 699 562958494
134 172 692806462
68 666 720302964
498 729 728734864
32 176 588024246
485 536 680440633
209 752 375864730
571 683 419260498
111 207 665586344
205 269 665014895
272 323 363269670
338 395 626909308
424 598 357309918
13 392 705648028
277 356 707903947
92 298 490315886
354 440 612324169
292 473 532000616
489 665 519757313
362 718 440208431
95 319 502928025
136 461 372656625
457 622 603268703
621 725 520024636
34 355 247486098
290 414 271801597
244 413 667483740
5 616 540004861
313 704 232584679
186 460 632262763
123 513 234871842
394 484 430143108
117 621 428799955
208 640 604411365
13 349 235905844
137 269 583365093
161 273 497068331
37 403 365699347
53 253 472196106
122 473 291764630
39 714 383092946
542 751 569895082
480 694 282056364
56 243 445035548
16 365 598538472
310 434 316427326
346 563 678193267
409 713 373899197
433 631 250458975
153 501 680089135
57 239 445610905
589 725 264904614
177 289 343176671
393 562 257438346
479 568 285725132
649 703 700034342
8 328 418494413
542 559 503132931
232 560 461181082
71 415 573753626
29 408 732167119
74 437 477241191
332 370 654561199
91 300 699819519
205 455 244831552
593 665 727556221
495 758 288613721
147 554 368427591
183 545 614826788
63 613 457025470
143 422 281234552
153 587 651179529
79 392 338368224
20 642 266538574
33 243 430415895
452 601 588506948
43 115 686129809
64 636 325431323
182 363 433141288
218 288 461603948
48 387 256438884
482 603 685108341
545 598 728967103
437 694 663039979
326 477 359022589
325 368 636733077
316 708 555538546
209 437 463315079
122 351 414788461
546 623 257405687
324 737 298073970
101 469 714759349
534 602 539051405
186 753 310586279
90 415 259697600
47 739 314984207
404 446 719094311
111 621 693866489
239 569 263215593
48 398 352902861
348 534 262173215
434 595 664886125
363 378 681342654
188 470 629102469
250 496 487944007
161 221 636573569
204 756 623284178
227 355 488784998
213 471 666595721
168 536 659470459
340 437 512176162
335 396 480853482
534 608 681658989
131 506 252204918
335 534 402161610
191 330 685300413
45 629 432552221
129 357 634940379
440 696 349308044
124 700 238466321
352 459 282947206
302 390 667618859
95 545 277947768
98 383 341251756
551 697 309447208
212 356 485262814
226 493 482123583
334 647 357073537
466 501 570475760
397 439 579034063
397 544 573360143
455 521 308766063
20 201 297702282
238 557 636392688
636 697 253264941
97 177 668573429
226 743 463577243
282 630 431163811
664 666 359039475
364 604 642654036
437 760 715046077
300 754 232624247
27 596 329964642
207 717 278165865
307 498 407526352
36 468 287133790
191 757 582298979
114 154 392169829
561 583 506674576
341 538 631460025
326 409 684009194
407 493 235339212
353 516 673979015
196 620 395227694
62 573 471125585
285 460 667842400
140 217 616083211
95 489 708369805
418 539 336675127
404 414 387354938
516 631 332285117
271 452 490166785
208 321 478482741
260 678 503153896
247 372 714559516
132 318 693760463
620 645 668454437
440 584 627813785
352 759 707157844
87 174 437509412
32 656 676490847
549 704 692570454
552 632 540976778
230 519 657766506
151 182 582203599
96 542 526925311
342 441 531216568
125 655 364743720
559 691 311330735
209 670 240504754
240 399 536362149
258 750 476843789
115 660 565782892
412 749 670368278
384 703 302984579
337 421 575604137
138 723 438275184
189 667 641990430
174 338 408092130
583 761 381232768
710 755 540724543
426 585 305548809
81 542 668161369
310 496 468310879
111 647 620778867
111 690 540088815
73 724 532110997
40 760 647586737
30 78 347639351
38 619 400305306
558 599 565396478
166 170 288483236
323 552 257760540
66 718 626802023
274 681 408575336
23 545 269422250
77 449 268722120
321 535 416064084
160 288 483952525
556 630 273487398
258 336 385111536
377 653 730556170
33 654 560033575
204 671 403600159
99 345 397643312
286 598 709800789
26 454 560184105
12 740 720270090
72 239 387507068
464 566 529803092
653 662 470887943
633 739 403678070
164 643 612222028
108 707 515711007
460 704 256111509
426 559 725577641
110 269 279381102
459 560 364871099
213 301 427462426
253 311 340214102
94 693 389043709
372 671 456000414
609 743 681820177
