483
136 374 758250413
101 200 734163389
313 402 42498227
164 210 569101526
125 471 341391069
73 240 330329904
128 177 445531294
122 211 464037209
149 303 444647025
336 393 728373640
331 464 38198332
192 460 315051890
131 449 798975790
354 457 871418022
88 175 449243229
65 83 596670156
408 414 873287272
241 451 413135039
125 178 495114537
106 372 147713374
71 117 287703704
127 319 743556149
170 265 258514374
46 184 772055339
174 435 92398944
101 450 757710524
232 334 815144724
7 280 175931367
125 198 150435547
9 234 407700659
28 49 48016110
90 94 807520526
60 441 815785412
39 82 788500127
128 355 234576744
113 425 307616213
107 451 447772929
142 404 853059366
388 407 714879572
56 351 564073898
402 409 39340213
269 437 393019769
129 234 888184237
160 218 125662143
396 473 702372657
342 378 401033871
30 138 242138639
77 102 109195713
161 394 148215473
247 329 437344463
186 376 621450677
4 275 170250800
6 63 496773208
18 371 37627333
110 279 360922074
223 397 842199413
156 431 918366499
264 366 832799833
86 105 538280478
108 317 826036647
394 449 521135108
81 331 422110141
211 307 755152473
206 214 418382356
293 393 371007672
136 355 393988585
144 432 739049414
97 274 94558427
12 324 518451526
166 394 437683003
62 196 894313145
82 234 744925615
195 424 203210578
171 175 682220111
103 418 250138835
119 436 649343814
134 468 356323243
179 221 353831151
147 379 681598578
4 72 904266460
104 295 188891180
474 476 673421102
76 340 676844553
81 376 565156288
109 283 857481645
300 432 462956373
440 479 387779584
243 399 372811249
420 458 514424545
242 387 81380695
217 331 461073831
180 481 508165042
168 413 109054203
109 163 446232758
94 195 917007881
344 419 710202025
1 191 702223642
12 74 343126750
148 469 41405676
115 432 139442376
38 356 183853952
168 452 839636606
13 342 512822754
108 404 548422793
451 482 278364818
244 316 359093257
89 232 853936941
310 311 254365292
25 454 784513346
138 455 674642980
409 422 437557817
341 469 650505833
50 239 658127593
17 42 82183517
282 404 369583092
52 272 474895859
12 116 250254466
233 379 286821440
164 463 528106730
56 206 333608057
108 167 79070574
97 260 347837856
204 443 819668100
152 183 283059578
346 377 569370201
128 302 711834541
65 393 266522049
364 477 263534604
196 419 114713524
22 453 192763509
14 446 646748343
35 142 641874234
249 415 558647657
108 145 420127650
165 381 912196855
162 290 140614910
299 434 126825344
145 386 417655973
309 335 758780545
424 477 375365734
29 342 910512866
56 344 38861235
51 207 43145715
69 443 150099547
73 364 402683596
168 361 556004913
140 278 580187474
269 347 305112719
190 304 833699868
355 366 649484513
223 272 642002344
130 376 810962548
104 220 483329468
22 345 675272121
89 161 176539920
37 253 60759476
207 297 241781154
81 190 592707772
109 401 423698608
27 128 371054627
34 254 260851629
7 85 853114368
403 459 667094335
187 335 801455700
277 364 371079207
224 468 557260173
262 457 764826790
32 60 645819411
24 42 782887625
42 398 731665255
20 98 72318652
317 399 94023203
65 241 923897076
150 361 607377546
101 195 291539628
155 208 246852558
71 162 149923497
250 426 54587930
181 398 39269000
205 395 333937753
329 411 297095267
303 363 346428165
317 449 71961326
87 372 496720252
33 185 350647785
47 399 667051571
258 322 844759669
272 475 416365032
305 417 845235306
225 242 165884498
14 189 806332829
75 290 186835675
91 456 917005651
249 481 400014075
62 327 716185471
66 453 242245235
151 207 922869061
234 339 472363871
87 449 249602092
74 202 518363223
78 270 173895020
273 414 175928648
257 264 374721806
222 398 494557585
355 402 165258035
209 420 231704748
175 234 465759892
194 296 278715159
169 365 838554077
110 151 209768217
210 335 304901385
261 401 102816393
246 302 226579658
152 170 155029338
318 360 649706845
7 411 195296535
156 287 911125781
41 447 529450259
188 306 855050299
144 313 604147339
42 266 45403585
50 400 365418417
465 475 850783544
104 321 307512816
251 271 833092119
224 352 119489392
167 248 692047968
263 303 111989843
188 454 121100455
157 483 347558793
136 294 554374420
242 360 501192842
195 266 87816487
236 297 487616814
434 466 444897568
197 451 538049527
170 226 536792051
191 355 34136656
5 262 760107013
215 379 927229459
36 295 446516701
332 437 303122250
95 274 846486774
119 213 754372869
143 296 248866371
315 339 794392128
79 119 739501286
299 403 300312936
244 470 913200900
97 454 443731205
59 237 612861498
159 480 525188570
185 403 151311825
358 410 475896162
308 393 558420142
71 444 399851949
230 351 328671641
92 269 537646849
120 223 855399419
162 194 894293724
221 355 357382406
165 234 815136746
14 344 228328346
82 127 675216892
145 370 596809712
124 299 809670682
56 241 887086896
31 131 164232517
323 430 216929210
105 388 872153423
30 192 821669260
359 395 621786407
157 187 777333798
16 399 386959367
423 451 876088624
362 387 111891120
122 339 483068658
28 457 489021961
342 349 895799857
210 438 326819259
393 448 525304956
11 339 60550146
15 145 911281295
74 341 919952998
227 411 477275162
234 476 253731973
176 307 841719873
53 194 434373237
350 387 296889381
216 449 220781466
164 446 646883491
127 261 778562829
60 127 326478511
154 379 732127800
56 425 229194968
284 449 256503994
407 429 743179846
24 428 278885331
256 462 120065879
255 448 246275676
98 173 923724447
254 291 277651278
228 395 689430297
146 358 407964000
103 224 301482765
163 325 890116920
15 64 261262331
127 152 612359518
101 329 532936511
235 256 803059983
146 200 740624817
219 266 89878421
123 380 424873326
207 415 195733546
26 169 439298924
305 371 900762080
371 383 367921221
142 357 378800255
111 277 611712740
299 390 604763950
70 104 931646111
139 181 100481712
329 346 562313910
125 244 242355654
19 451 330687477
61 77 278588870
372 388 495742495
78 414 631075370
3 333 259713973
438 480 836660010
82 320 178738067
44 433 447349669
126 182 599769141
58 189 376178508
139 292 532832590
212 469 828623715
245 434 284398930
251 419 785373573
363 439 280536640
37 266 395474967
196 208 365857209
91 300 175516778
46 203 116407684
99 372 94942976
81 415 828054318
281 457 83556020
231 387 864655285
203 393 681250599
216 256 88650913
57 327 515895521
344 435 663457504
43 97 377846362
141 298 347598263
137 373 587131171
135 145 607022829
68 459 883362041
2 43 369906853
297 371 432677618
108 140 149710475
125 199 609255161
403 468 393557628
296 382 904792311
93 163 903274419
216 295 276445677
114 301 898319382
158 374 535207218
319 457 55085175
87 367 477087593
30 216 813536449
17 23 355048740
389 473 713633216
63 477 312892995
57 314 74760107
26 69 589602937
41 101 268974972
376 392 596167329
372 378 926811642
353 407 476620525
39 55 846767912
216 479 833837012
338 352 342221760
45 123 584791761
401 416 416313404
104 478 395590676
133 156 410356791
193 233 903107091
74 76 652489997
56 313 582332892
96 462 396003848
114 144 457686558
173 307 119147422
102 208 310986896
8 384 439109447
42 408 478406720
222 369 105955510
234 258 213829849
214 385 264530030
145 156 327743907
201 437 633318203
128 286 859029526
67 112 121480031
42 415 640062942
196 303 338170510
252 355 507821223
339 382 241296576
54 279 677018877
10 193 799710695
94 467 57966417
94 160 735886678
280 288 529593817
147 375 59995703
254 303 692641341
123 415 830205960
60 328 52577465
331 337 664837182
419 449 726882863
347 446 104253528
445 456 646612841
289 446 872332246
121 216 703926164
174 330 526019220
313 427 535820042
224 372 483750106
329 344 106365628
223 402 748310613
285 402 200738146
84 120 830538125
234 472 747099776
235 373 593257009
346 396 45311562
317 421 140248297
39 87 876305113
412 419 309643710
8 92 376908578
164 458 903517148
312 317 935336787
443 481 118311086
67 89 663868562
153 177 930795070
42 348 802973761
182 342 265866638
4 346 734819776
74 419 711721132
12 199 404793219
14 141 292889543
119 372 815029126
135 268 242860493
139 406 719105631
188 196 933542976
259 285 869555021
74 379 905794861
329 413 275673590
267 438 283221171
23 172 44654159
356 473 558161064
147 391 72002280
80 200 896638736
228 303 472847948
165 276 358541848
432 461 448912152
118 438 882872576
44 241 151903503
40 136 658361234
223 368 246793029
100 414 890657497
371 400 488561345
237 241 748012814
3 261 107802153
132 270 636370768
48 355 80842430
39 326 419773264
68 343 52772384
23 426 253080607
170 242 602737330
68 229 886024030
22 146 288449160
60 405 497340313
22 442 400571760
149 238 135541245
311 317 312608006
21 109 772562509
323 411 62632039
