417
180 229 392506273
335 393 401301098
17 276 561306636
162 374 421624676
340 353 930102335
271 294 531892139
173 189 804346862
60 117 747873020
48 325 769839138
239 357 636122370
331 368 803410255
111 275 695465813
261 296 473967759
41 46 435140261
211 305 623374920
97 108 748635052
178 340 875631296
58 59 834098232
234 306 896036799
102 111 629616964
270 368 600403423
327 404 422376121
41 60 925297188
60 412 698698129
226 359 793059396
86 356 435188132
73 173 768017977
351 371 458526108
76 255 550707948
205 357 926704923
314 378 865675510
262 368 492657613
271 319 504273963
221 391 881730340
328 405 507271690
80 200 518004280
250 307 862040703
12 129 873053097
59 148 722832968
77 255 828248436
174 292 565331028
269 284 580849729
197 237 747146355
99 138 588853168
8 55 521389770
292 336 524504872
1 89 552811672
89 138 604601114
49 273 492833952
22 398 445595539
81 121 714252714
84 372 535808427
201 223 773412471
270 382 601769272
125 325 672806532
176 316 726980961
58 219 522834435
152 214 471187771
44 170 460998372
10 130 758415201
32 371 787689126
84 113 428439657
85 259 557117939
43 298 572908360
167 194 544696065
79 152 620520816
161 187 408199440
211 273 549729377
76 247 916402817
163 392 873993996
111 323 833002628
59 179 479819776
164 195 916976501
330 378 591616085
121 182 823136756
42 62 668417310
167 213 742534823
276 357 686665436
286 297 465017212
140 279 516610949
77 141 393048810
144 391 533559326
102 358 458184549
386 412 568572253
6 118 723710894
45 406 437653447
140 391 827169329
114 310 764647094
259 314 422574558
114 142 549801507
190 197 579060787
90 200 689157572
186 226 676822047
12 377 422893994
151 301 662911253
348 365 666162695
31 345 832469049
113 269 549707570
86 88 802040787
127 372 509027762
65 100 503740409
18 95 741117809
343 344 739853360
109 395 736722651
89 120 579367914
134 204 492233416
12 98 507669927
101 402 635912088
186 252 497626323
59 203 525239965
127 243 488813954
233 391 581970289
31 275 764524135
82 398 466692397
42 110 747647264
128 357 588661888
266 318 465563065
102 190 918790970
203 246 691763052
139 186 460384596
73 389 798674451
71 280 907818424
39 50 919616382
13 228 601553249
326 357 930091893
65 304 688784293
208 308 475361447
132 357 702694703
145 187 435056329
178 325 597062040
217 406 575992465
183 358 771252701
81 84 696405136
25 294 643368898
63 81 568995970
54 194 739404967
44 157 690261108
96 220 606125830
294 356 556270838
113 238 637049729
137 278 822540914
122 125 663310263
70 206 854236919
47 339 686336390
391 407 467645256
26 289 427538186
95 311 918131824
225 313 514822076
8 398 880849131
151 217 806574987
174 366 488355673
63 277 887360353
19 127 510149168
120 165 777577590
22 60 400437948
193 410 772060730
239 348 869467790
52 202 660760399
127 176 790888749
52 84 720510082
389 393 461699105
256 321 680154077
23 218 682748463
82 334 620470704
240 328 864151125
14 331 635529778
78 342 825214318
116 266 388838118
358 390 466242313
78 136 666390031
50 150 822977432
9 110 740590094
11 287 756265368
77 312 867427963
56 318 658607971
109 397 614733509
225 279 446910686
36 74 730438873
223 405 498429963
322 350 908592580
92 294 777434853
123 140 785075775
20 175 776005186
177 305 707444775
113 169 846602376
376 411 702174201
105 400 439357487
166 262 678373907
261 387 875398371
130 331 688669680
224 239 913187429
206 241 886894720
75 389 535690041
50 194 660599955
231 240 451466863
173 206 743892990
171 222 642232988
199 407 899281652
176 338 914204540
2 291 795233561
53 198 436979054
141 258 570112499
159 178 723428415
236 380 797738335
341 367 655749074
54 362 673878448
147 270 812641717
78 369 558142815
125 265 454377060
97 380 913421231
105 325 767470867
23 42 704171266
111 314 601224744
234 346 426089955
69 357 891646297
335 352 909971526
130 267 401056737
216 228 808093123
43 89 646043656
71 115 628463843
315 317 748950476
13 65 796994036
28 249 504022293
83 213 907140178
217 260 698369555
180 413 603909806
349 359 427322527
143 408 938174622
103 191 698298078
222 326 644550821
67 285 490105530
153 328 410560463
2 399 863692195
227 251 604150178
87 149 446115825
180 389 400527663
292 371 928770386
140 207 751925723
164 330 775409351
51 153 653673433
160 375 932885034
2 119 666778353
103 130 543531227
66 363 666290590
13 227 584966855
138 227 894810952
94 397 637704986
115 409 437395696
272 337 816235968
259 379 914871843
28 43 388542881
278 397 804573198
21 31 883410440
257 288 874748617
167 388 907045233
22 385 464930537
177 347 683037365
154 375 555472552
275 361 677452484
139 263 440087988
124 325 816452833
157 380 583497331
192 360 474798838
157 374 661349282
24 149 611344367
75 394 816401969
114 192 395695838
112 281 767660668
112 373 533214601
184 317 903605534
191 414 771984271
315 372 394408104
3 129 929350461
113 114 700475019
30 53 823548477
155 385 415243286
111 389 732880009
72 262 677449534
224 375 808987392
194 368 659437690
129 245 889897797
45 398 494146775
401 404 405393343
193 279 683601820
235 381 937153521
15 116 449045342
181 310 446594209
84 234 819021851
7 175 557947464
231 254 860385538
299 388 671911847
5 116 397432698
262 326 433404304
48 324 525364236
22 322 690475769
230 303 738743907
64 269 884151247
70 168 502236809
140 403 527453394
104 317 529312446
115 212 554870488
157 398 810686320
118 240 405650952
36 391 839869128
163 292 474361638
204 417 540339273
288 356 587647535
238 371 936327107
235 414 621088429
97 200 807244865
227 367 540729172
329 364 764036942
326 344 643056935
84 289 412644488
19 38 889266165
58 282 675218703
78 190 839813238
45 102 802971292
109 277 934289320
288 370 762853503
53 117 914915642
26 37 802347083
189 411 715712510
175 239 415554492
6 363 556632659
120 328 613440601
232 358 594047958
12 359 757086603
89 119 626438724
95 307 898081339
295 331 548256729
247 348 838938931
17 210 681758929
248 354 608552495
274 325 922509509
327 358 891602419
12 262 399692976
119 214 494922194
107 138 380995194
203 262 439002593
71 77 424230151
4 156 918465209
291 297 402468113
57 284 892055036
133 220 851904643
4 102 564955957
355 357 455418746
16 175 436491628
33 76 503203101
26 145 668973674
138 294 824239818
42 274 909504877
112 322 569241631
199 244 650201486
149 231 824190263
138 358 771761358
146 287 887251540
50 93 414098495
107 308 545602717
45 209 897820037
47 305 674881170
110 333 532028766
102 188 539464851
141 215 906526939
184 272 405450934
101 102 642692418
81 305 829770170
40 236 928466333
67 236 513052704
40 242 772736297
203 293 810904333
81 357 516982247
130 320 390504267
84 396 690729025
8 220 450755318
177 329 698064350
313 416 747002850
46 302 863604713
71 300 584442145
34 287 785931669
151 354 463672811
78 417 744477021
296 356 809523232
34 357 899458773
68 331 648507551
158 305 844028818
107 135 763362695
81 325 617519734
61 256 827959636
81 268 822663299
332 368 518101720
91 179 515845534
126 145 871999486
76 230 808438321
143 396 652258767
10 384 571373280
187 264 601559796
120 253 589195421
183 196 935040152
127 290 438585442
172 216 394643011
45 95 665013627
131 160 545734210
7 29 425367075
81 102 525915218
229 415 778006439
60 266 620387702
342 383 919147485
35 390 687497127
3 27 388200610
106 121 719399581
61 326 528894371
309 318 535619455
194 283 894234169
138 185 903036894
102 279 741027796
